14	2452	PC	6.8720055e-08
14	2452	PH	0.0
14	2452	Other	0.9999999
14	2453	PC	0.08068192
14	2453	PH	0.0312655
14	2453	Other	0.8880526
14	2454	PC	0.111947395
14	2454	PH	0.0
14	2454	Other	0.8880525
14	2455	PC	0.631579
14	2455	PH	0.3684212
14	2455	Other	0.0
14	2456	PC	1.5029036e-07
14	2456	PH	0.0
14	2456	Other	0.9999999
14	2457	PC	0.7781748
14	2457	PH	0.22182518
14	2457	Other	0.0
14	2458	PC	0.09146808
14	2458	PH	0.0011144808
14	2458	Other	0.9074175
14	2459	PC	0.18656547
14	2459	PH	0.0
14	2459	Other	0.81343454
14	2460	PC	0.09398284
14	2460	PH	0.0
14	2460	Other	0.90601707
14	2461	PC	0.7781748
14	2461	PH	0.22182527
14	2461	Other	0.0
14	2462	PC	0.080806434
14	2462	PH	8.643327e-05
14	2462	Other	0.9191071
14	2463	PC	0.28956702
14	2463	PH	0.108211204
14	2463	Other	0.60222185
14	2464	PC	0.12214335
14	2464	PH	0.007996771
14	2464	Other	0.86985993
14	2465	PC	0.13014004
14	2465	PH	0.0
14	2465	Other	0.86985993
14	2466	PC	0.93298256
14	2466	PH	0.0
14	2466	Other	0.06701742
14	2467	PC	0.117136076
14	2467	PH	0.013029437
14	2467	Other	0.8698345
14	2468	PC	0.13016574
14	2468	PH	0.0
14	2468	Other	0.8698343
14	2469	PC	0.66666675
14	2469	PH	0.33333337
14	2469	Other	0.0
14	2470	PC	7.845087e-08
14	2470	PH	0.0
14	2470	Other	0.9999999
14	2471	PC	0.7781749
14	2471	PH	0.2218251
14	2471	Other	0.0
14	2472	PC	0.10980193
14	2472	PH	0.020693071
14	2472	Other	0.869505
14	2473	PC	0.13049492
14	2473	PH	0.0
14	2473	Other	0.86950517
14	2474	PC	0.7781748
14	2474	PH	0.22182518
14	2474	Other	0.0
14	2475	PC	1.4423703e-07
14	2475	PH	2.2941837e-08
14	2475	Other	0.9999999
14	2476	PC	0.9294971
14	2476	PH	0.0
14	2476	Other	0.070502855
14	2477	PC	8.794583e-08
14	2477	PH	0.0
14	2477	Other	0.9999999
14	2478	PC	0.6315789
14	2478	PH	0.36842108
14	2478	Other	0.0
14	2479	PC	0.6666667
14	2479	PH	0.33333337
14	2479	Other	0.0
14	2480	PC	1.3757813e-07
14	2480	PH	0.0
14	2480	Other	0.9999999
14	2481	PC	0.9311378
14	2481	PH	0.0
14	2481	Other	0.06886217
14	2482	PC	0.12286261
14	2482	PH	0.007830033
14	2482	Other	0.8693074
14	2483	PC	0.13069262
14	2483	PH	0.0
14	2483	Other	0.8693074
14	2484	PC	0.7781748
14	2484	PH	0.22182518
14	2484	Other	0.0
14	2485	PC	0.098164365
14	2485	PH	0.014316482
14	2485	Other	0.88751924
14	2486	PC	0.15238205
14	2486	PH	0.0
14	2486	Other	0.8476179
14	2487	PC	0.1523864
14	2487	PH	0.0
14	2487	Other	0.84761363
14	2488	PC	0.11248525
14	2488	PH	0.0
14	2488	Other	0.8875147
14	2489	PC	0.9311743
14	2489	PH	0.0
14	2489	Other	0.06882568
14	2490	PC	1.5439585e-07
14	2490	PH	2.2941837e-08
14	2490	Other	0.9999999
14	2491	PC	0.7781748
14	2491	PH	0.22182527
14	2491	Other	0.0
14	2492	PC	7.065073e-08
14	2492	PH	0.0
14	2492	Other	0.9999999
14	2493	PC	0.631579
14	2493	PH	0.36842108
14	2493	Other	0.0
14	2494	PC	1.435976e-07
14	2494	PH	2.2941837e-08
14	2494	Other	0.9999999
14	2495	PC	2.2941837e-08
14	2495	PH	1.5378507e-07
14	2495	Other	0.9999999
14	2496	PC	0.0
14	2496	PH	1.4670883e-07
14	2496	Other	0.9999999
14	2497	PC	0.0
14	2497	PH	8.127917e-08
14	2497	Other	0.9999999
14	2498	PC	0.0
14	2498	PH	7.651515e-08
14	2498	Other	0.9999999
14	2499	PC	0.0
14	2499	PH	8.206222e-08
14	2499	Other	0.9999999
14	2500	PC	5.5998026e-08
14	2500	PH	0.0
14	2500	Other	0.9999999
14	2501	PC	1.2343202e-07
14	2501	PH	0.0
14	2501	Other	0.9999999
14	2502	PC	0.0
14	2502	PH	0.0
14	2502	Other	1.0
14	2503	PC	1.5248267e-07
14	2503	PH	2.2941837e-08
14	2503	Other	0.9999999
14	2504	PC	2.2941837e-08
14	2504	PH	1.4617443e-07
14	2504	Other	0.9999999
14	2505	PC	8.104159e-08
14	2505	PH	8.104159e-08
14	2505	Other	0.9999999
14	2506	PC	0.0
14	2506	PH	1.3030444e-07
14	2506	Other	0.9999999
14	2507	PC	0.0
14	2507	PH	1.4429827e-07
14	2507	Other	0.9999999
14	2508	PC	5.7038147e-08
14	2508	PH	0.0
14	2508	Other	0.9999999
14	2509	PC	1.4501275e-07
14	2509	PH	1.1470919e-08
14	2509	Other	0.9999999
14	2510	PC	5.787238e-08
14	2510	PH	0.0
14	2510	Other	0.9999999
14	2511	PC	0.0
14	2511	PH	7.115825e-08
14	2511	Other	0.9999999
14	2512	PC	0.0
14	2512	PH	9.640504e-08
14	2512	Other	0.9999999
14	2513	PC	0.0
14	2513	PH	8.7584034e-08
14	2513	Other	0.9999999
14	2514	PC	4.3778034e-08
14	2514	PH	4.3778034e-08
14	2514	Other	0.9999999
14	2515	PC	2.2941837e-08
14	2515	PH	1.2708111e-07
14	2515	Other	0.9999999
14	2516	PC	9.9917436e-08
14	2516	PH	9.9917436e-08
14	2516	Other	0.9999999
14	2517	PC	0.0
14	2517	PH	1.2988204e-07
14	2517	Other	0.9999999
14	2518	PC	1.5117357e-07
14	2518	PH	1.1470919e-08
14	2518	Other	0.9999999
14	2519	PC	0.0
14	2519	PH	5.8202478e-08
14	2519	Other	0.9999999
14	2520	PC	2.7057617e-08
14	2520	PH	2.7057617e-08
14	2520	Other	0.9999999
14	2521	PC	1.3354926e-07
14	2521	PH	0.0
14	2521	Other	0.9999999
14	2522	PC	2.2941837e-08
14	2522	PH	1.4749267e-07
14	2522	Other	0.9999999
14	2523	PC	5.3484587e-08
14	2523	PH	5.3484587e-08
14	2523	Other	0.9999999
14	2524	PC	0.0
14	2524	PH	7.799794e-08
14	2524	Other	0.9999999
14	2525	PC	1.4639954e-07
14	2525	PH	0.0
14	2525	Other	0.9999999
14	2526	PC	0.0
14	2526	PH	9.0485436e-08
14	2526	Other	0.9999999
14	2527	PC	1.458648e-07
14	2527	PH	2.2941837e-08
14	2527	Other	0.9999999
14	2528	PC	8.9244985e-08
14	2528	PH	1.00420856e-07
14	2528	Other	0.9999999
14	2529	PC	0.0
14	2529	PH	8.747772e-08
14	2529	Other	0.9999999
14	2530	PC	8.874323e-08
14	2530	PH	0.0
14	2530	Other	0.9999999
14	2531	PC	7.818933e-08
14	2531	PH	0.0
14	2531	Other	0.9999999
14	2532	PC	2.2941837e-08
14	2532	PH	1.5029147e-07
14	2532	Other	0.9999999
14	2533	PC	0.018823013
14	2533	PH	0.018823013
14	2533	Other	0.96235394
14	2534	PC	0.0
14	2534	PH	0.060108237
14	2534	Other	0.9398918
14	2535	PC	0.0
14	2535	PH	0.053840026
14	2535	Other	0.94615996
14	2536	PC	0.0
14	2536	PH	0.059191663
14	2536	Other	0.9408083
14	2537	PC	0.0
14	2537	PH	0.05748238
14	2537	Other	0.9425175
14	2538	PC	0.0
14	2538	PH	0.058552288
14	2538	Other	0.9414477
14	2539	PC	0.0
14	2539	PH	0.058147203
14	2539	Other	0.9418528
14	2540	PC	0.0
14	2540	PH	0.05836136
14	2540	Other	0.9416386
14	2541	PC	0.0
14	2541	PH	0.058272872
14	2541	Other	0.94172716
14	2542	PC	0.0
14	2542	PH	0.058315672
14	2542	Other	0.9416843
14	2543	PC	0.0
14	2543	PH	0.05829701
14	2543	Other	0.94170296
14	2544	PC	0.0
14	2544	PH	0.0583056
14	2544	Other	0.9416944
14	2545	PC	0.0
14	2545	PH	0.058301672
14	2545	Other	0.9416983
14	2546	PC	0.0
14	2546	PH	0.058303345
14	2546	Other	0.94169664
14	2547	PC	0.0
14	2547	PH	0.058302518
14	2547	Other	0.9416975
14	2548	PC	0.0
14	2548	PH	0.05830304
14	2548	Other	0.941697
14	2549	PC	0.0
14	2549	PH	0.058302507
14	2549	Other	0.9416975
14	2550	PC	0.0
14	2550	PH	0.05830297
14	2550	Other	0.941697
14	2551	PC	0.0
14	2551	PH	0.058302302
14	2551	Other	0.9416976
14	2552	PC	0.0
14	2552	PH	0.058303338
14	2552	Other	0.94169664
14	2553	PC	0.0
14	2553	PH	0.058301512
14	2553	Other	0.94169843
14	2554	PC	0.0
14	2554	PH	0.058305684
14	2554	Other	0.9416944
14	2555	PC	0.0
14	2555	PH	0.05829606
14	2555	Other	0.9417039
14	2556	PC	0.0
14	2556	PH	0.05831765
14	2556	Other	0.94168246
14	2557	PC	0.0
14	2557	PH	0.05826724
14	2557	Other	0.94173276
14	2558	PC	0.0
14	2558	PH	0.058379784
14	2558	Other	0.94162023
14	2559	PC	0.0
14	2559	PH	0.058117196
14	2559	Other	0.94188285
14	2560	PC	0.0
14	2560	PH	0.05870493
14	2560	Other	0.941295
14	2561	PC	0.0
14	2561	PH	0.05733297
14	2561	Other	0.942667
14	2562	PC	0.0
14	2562	PH	0.060403544
14	2562	Other	0.9395964
14	2563	PC	0.0
14	2563	PH	0.053205024
14	2563	Other	0.94679505
14	2564	PC	0.0
14	2564	PH	0.0684983
14	2564	Other	0.9315017
14	2565	PC	0.0
14	2565	PH	0.098672606
14	2565	Other	0.9013274
14	2566	PC	0.0
14	2566	PH	0.07205054
14	2566	Other	0.9279494
14	2567	PC	0.0
14	2567	PH	0.054066297
14	2567	Other	0.9459337
14	2568	PC	0.0
14	2568	PH	0.060295295
14	2568	Other	0.93970466
14	2569	PC	0.0
14	2569	PH	0.057537932
14	2569	Other	0.942462
14	2570	PC	0.0
14	2570	PH	0.059283376
14	2570	Other	0.9407166
14	2571	PC	0.0
14	2571	PH	0.056657802
14	2571	Other	0.9433422
14	2572	PC	0.0
14	2572	PH	0.027063588
14	2572	Other	0.9729364
14	2573	PC	1.1470919e-08
14	2573	PH	1.1470919e-08
14	2573	Other	1.0
14	2574	PC	1.4474361e-07
14	2574	PH	2.2941837e-08
14	2574	Other	0.9999999
14	2575	PC	0.022008128
14	2575	PH	0.027025046
14	2575	Other	0.9509668
14	2576	PC	0.0
14	2576	PH	0.049033444
14	2576	Other	0.9509666
14	2577	PC	0.5005747
14	2577	PH	0.49942544
14	2577	Other	0.0
14	2578	PC	0.012257861
14	2578	PH	0.028146084
14	2578	Other	0.95959604
14	2579	PC	0.0
14	2579	PH	0.06090011
14	2579	Other	0.9390999
14	2580	PC	0.0
14	2580	PH	0.052825022
14	2580	Other	0.947175
14	2581	PC	0.0
14	2581	PH	0.05992067
14	2581	Other	0.9400793
14	2582	PC	0.0
14	2582	PH	0.057323255
14	2582	Other	0.9426767
14	2583	PC	0.0
14	2583	PH	0.058845993
14	2583	Other	0.941154
14	2584	PC	0.0
14	2584	PH	0.05794139
14	2584	Other	0.94205856
14	2585	PC	0.0
14	2585	PH	0.059499282
14	2585	Other	0.94050074
14	2586	PC	0.0
14	2586	PH	0.055496957
14	2586	Other	0.944503
14	2587	PC	0.0
14	2587	PH	0.024825271
14	2587	Other	0.97517467
14	2588	PC	5.9265727e-08
14	2588	PH	0.0
14	2588	Other	0.9999999
14	2589	PC	0.0
14	2589	PH	1.3648855e-07
14	2589	Other	0.9999999
14	2590	PC	1.2373735e-07
14	2590	PH	2.2941837e-08
14	2590	Other	0.9999999
14	2591	PC	8.3339316e-08
14	2591	PH	0.0
14	2591	Other	0.9999999
14	2592	PC	8.0194624e-08
14	2592	PH	0.0
14	2592	Other	0.9999999
14	2593	PC	8.270526e-08
14	2593	PH	0.0
14	2593	Other	0.9999999
14	2594	PC	0.0
14	2594	PH	7.924059e-08
14	2594	Other	0.9999999
14	2595	PC	1.5289491e-07
14	2595	PH	2.2941837e-08
14	2595	Other	0.9999999
14	2596	PC	0.0
14	2596	PH	1.4451678e-07
14	2596	Other	0.9999999
14	2597	PC	0.0018546416
14	2597	PH	0.035723016
14	2597	Other	0.9624224
14	2598	PC	0.0
14	2598	PH	0.060190283
14	2598	Other	0.93980974
14	2599	PC	0.0
14	2599	PH	0.053608153
14	2599	Other	0.94639176
14	2600	PC	0.0
14	2600	PH	0.059547227
14	2600	Other	0.9404527
14	2601	PC	0.0
14	2601	PH	0.056673028
14	2601	Other	0.943327
14	2602	PC	0.0
14	2602	PH	0.060703345
14	2602	Other	0.93929666
14	2603	PC	0.0
14	2603	PH	0.032582283
14	2603	Other	0.9674177
14	2604	PC	1.4672081e-07
14	2604	PH	2.2941837e-08
14	2604	Other	0.9999999
14	2605	PC	0.025608068
14	2605	PH	0.018568082
14	2605	Other	0.9558238
14	2606	PC	0.0
14	2606	PH	0.06461947
14	2606	Other	0.93538046
14	2607	PC	0.0
14	2607	PH	0.05390954
14	2607	Other	0.94609046
14	2608	PC	0.0
14	2608	PH	0.05733962
14	2608	Other	0.94266033
14	2609	PC	0.0
14	2609	PH	0.023873111
14	2609	Other	0.9761269
14	2610	PC	0.0
14	2610	PH	1.2779913e-07
14	2610	Other	0.9999999
14	2611	PC	2.2941837e-08
14	2611	PH	1.5286109e-07
14	2611	Other	0.9999999
14	2612	PC	2.9172076e-08
14	2612	PH	2.9172076e-08
14	2612	Other	0.9999999
14	2613	PC	1.5185897e-07
14	2613	PH	0.0
14	2613	Other	0.9999999
14	2614	PC	5.4179825e-08
14	2614	PH	0.9999999
14	2614	Other	7.827052e-08
14	2615	PC	2.2941837e-08
14	2615	PH	1.501566e-07
14	2615	Other	0.9999999
14	2616	PC	0.9407856
14	2616	PH	0.0
14	2616	Other	0.059215862
14	2617	PC	0.004696699
14	2617	PH	0.0
14	2617	Other	0.9949533
15	2618	PC	1.304534e-07
15	2618	PH	0.0
15	2618	Other	0.9999999
15	2619	PC	1.4757191e-07
15	2619	PH	2.2941837e-08
15	2619	Other	0.9999999
15	2620	PC	0.0
15	2620	PH	1.4230903e-07
15	2620	Other	0.9999999
15	2621	PC	0.0
15	2621	PH	1.4275946e-07
15	2621	Other	0.9999999
15	2622	PC	0.0
15	2622	PH	1.3008369e-07
15	2622	Other	0.9999999
15	2623	PC	8.733159e-08
15	2623	PH	0.0
15	2623	Other	0.9999999
15	2624	PC	1.5217215e-07
15	2624	PH	2.2941837e-08
15	2624	Other	0.9999999
15	2625	PC	1.4324924e-07
15	2625	PH	0.0
15	2625	Other	0.9999999
15	2626	PC	1.1470919e-08
15	2626	PH	1.4914438e-07
15	2626	Other	0.9999999
15	2627	PC	1.451317e-07
15	2627	PH	2.2941837e-08
15	2627	Other	0.9999999
15	2628	PC	1.5106028e-07
15	2628	PH	2.2941837e-08
15	2628	Other	0.9999999
15	2629	PC	0.0
15	2629	PH	8.34527e-08
15	2629	Other	0.9999999
15	2630	PC	6.746615e-08
15	2630	PH	0.0
15	2630	Other	0.9999999
15	2631	PC	0.0
15	2631	PH	8.1881716e-08
15	2631	Other	0.9999999
15	2632	PC	0.06963417
15	2632	PH	0.0
15	2632	Other	0.9303658
15	2633	PC	0.16756627
15	2633	PH	0.0
15	2633	Other	0.8324337
15	2634	PC	0.097932145
15	2634	PH	0.0
15	2634	Other	0.9020679
15	2635	PC	0.66666675
15	2635	PH	0.33333337
15	2635	Other	0.0
15	2636	PC	4.0363398e-07
15	2636	PH	0.0
15	2636	Other	0.9999996
15	2637	PC	0.92957675
15	2637	PH	0.0
15	2637	Other	0.07042287
15	2638	PC	1.2267726e-06
15	2638	PH	0.0
15	2638	Other	0.9999986
15	2639	PC	0.929481
15	2639	PH	0.0
15	2639	Other	0.0705187
15	2640	PC	1.3767054e-07
15	2640	PH	1.1470919e-08
15	2640	Other	0.9999998
15	2641	PC	0.91699886
15	2641	PH	0.0
15	2641	Other	0.08300087
15	2642	PC	1.4563639e-07
15	2642	PH	2.2941837e-08
15	2642	Other	0.9999999
15	2643	PC	0.6315789
15	2643	PH	0.36842105
15	2643	Other	0.0
15	2644	PC	6.443039e-08
15	2644	PH	0.0
15	2644	Other	0.9999999
15	2645	PC	0.0
15	2645	PH	8.1612754e-08
15	2645	Other	0.9999999
15	2646	PC	0.0
15	2646	PH	1.4823127e-07
15	2646	Other	0.9999999
15	2647	PC	2.2941837e-08
15	2647	PH	1.5464397e-07
15	2647	Other	0.9999999
15	2648	PC	5.7707968e-08
15	2648	PH	0.0
15	2648	Other	0.9999999
15	2649	PC	5.9746974e-08
15	2649	PH	0.0
15	2649	Other	0.9999999
15	2650	PC	0.0
15	2650	PH	1.2700485e-07
15	2650	Other	0.9999999
15	2651	PC	2.2941837e-08
15	2651	PH	1.5069551e-07
15	2651	Other	0.9999999
15	2652	PC	1.1470919e-08
15	2652	PH	1.1470919e-08
15	2652	Other	1.0
15	2653	PC	1.1470919e-08
15	2653	PH	1.5245364e-07
15	2653	Other	0.9999999
15	2654	PC	0.0
15	2654	PH	0.0
15	2654	Other	1.0
15	2655	PC	0.0
15	2655	PH	1.2893022e-07
15	2655	Other	0.9999999
15	2656	PC	0.0
15	2656	PH	1.3835955e-07
15	2656	Other	0.9999999
15	2657	PC	1.4969872e-07
15	2657	PH	2.2941837e-08
15	2657	Other	0.9999999
15	2658	PC	1.5268455e-07
15	2658	PH	0.0
15	2658	Other	0.9999999
15	2659	PC	2.2941837e-08
15	2659	PH	1.5284829e-07
15	2659	Other	0.9999999
15	2660	PC	1.1470919e-08
15	2660	PH	1.5017505e-07
15	2660	Other	0.9999999
15	2661	PC	0.0
15	2661	PH	1.2347039e-07
15	2661	Other	0.9999999
15	2662	PC	0.0
15	2662	PH	8.571809e-08
15	2662	Other	0.9999999
15	2663	PC	0.0
15	2663	PH	9.4572805e-08
15	2663	Other	0.9999999
15	2664	PC	4.569083e-08
15	2664	PH	4.569083e-08
15	2664	Other	0.9999999
15	2665	PC	0.0
15	2665	PH	1.2423166e-07
15	2665	Other	0.9999999
15	2666	PC	0.0
15	2666	PH	1.3048219e-07
15	2666	Other	0.9999999
15	2667	PC	2.2941837e-08
15	2667	PH	1.514575e-07
15	2667	Other	0.9999999
15	2668	PC	4.5938084e-08
15	2668	PH	4.5938084e-08
15	2668	Other	0.9999999
15	2669	PC	8.187002e-08
15	2669	PH	8.187002e-08
15	2669	Other	0.9999999
15	2670	PC	2.2941837e-08
15	2670	PH	1.436633e-07
15	2670	Other	0.9999999
15	2671	PC	5.6025964e-08
15	2671	PH	0.0
15	2671	Other	0.9999999
15	2672	PC	2.2941837e-08
15	2672	PH	1.5005813e-07
15	2672	Other	0.9999999
15	2673	PC	0.0
15	2673	PH	7.520796e-08
15	2673	Other	0.9999999
15	2674	PC	7.7873906e-08
15	2674	PH	0.0
15	2674	Other	0.9999999
15	2675	PC	2.2941837e-08
15	2675	PH	1.5400272e-07
15	2675	Other	0.9999999
15	2676	PC	0.0
15	2676	PH	1.44061e-07
15	2676	Other	0.9999999
15	2677	PC	0.0
15	2677	PH	0.95293665
15	2677	Other	0.04706336
15	2678	PC	0.50057465
15	2678	PH	0.49942532
15	2678	Other	0.0
15	2679	PC	0.0
15	2679	PH	1.4258951e-07
15	2679	Other	0.9999999
15	2680	PC	0.5005747
15	2680	PH	0.4994253
15	2680	Other	0.0
15	2681	PC	2.2941837e-08
15	2681	PH	1.4632182e-07
15	2681	Other	0.9999999
15	2682	PC	0.0
15	2682	PH	0.9601184
15	2682	Other	0.03988161
15	2683	PC	0.0
15	2683	PH	1.2481459e-07
15	2683	Other	0.9999999
15	2684	PC	0.22222224
15	2684	PH	0.7777778
15	2684	Other	0.0
15	2685	PC	1.5481298e-07
15	2685	PH	2.2941837e-08
15	2685	Other	0.9999999
15	2686	PC	2.2941837e-08
15	2686	PH	1.5045006e-07
15	2686	Other	0.9999999
15	2687	PC	6.289709e-08
15	2687	PH	0.9999999
15	2687	Other	0.0
15	2688	PC	0.0
15	2688	PH	1.4108952e-07
15	2688	Other	0.9999999
15	2689	PC	8.120755e-08
15	2689	PH	0.0
15	2689	Other	0.9999999
15	2690	PC	4.0150432e-08
15	2690	PH	0.9999999
15	2690	Other	7.2144154e-08
15	2691	PC	0.0
15	2691	PH	1.4792056e-07
15	2691	Other	0.9999999
15	2692	PC	2.2941837e-08
15	2692	PH	1.4906803e-07
15	2692	Other	0.9999999
15	2693	PC	5.6412436e-08
15	2693	PH	0.9999999
15	2693	Other	7.0442496e-08
15	2694	PC	1.1470919e-08
15	2694	PH	1.5296e-07
15	2694	Other	0.9999999
15	2695	PC	7.476784e-08
15	2695	PH	0.0
15	2695	Other	0.9999999
15	2696	PC	1.3801316e-07
15	2696	PH	0.0
15	2696	Other	0.9999999
15	2697	PC	1.3245355e-07
15	2697	PH	0.0
15	2697	Other	0.9999999
15	2698	PC	0.0
15	2698	PH	0.07075557
15	2698	Other	0.9292444
15	2699	PC	0.0
15	2699	PH	0.070755705
15	2699	Other	0.9292443
15	2700	PC	0.5005747
15	2700	PH	0.49942538
15	2700	Other	0.0
15	2701	PC	0.0
15	2701	PH	0.95361423
15	2701	Other	0.04638577
15	2702	PC	0.00013057343
15	2702	PH	0.075684324
15	2702	Other	0.92418516
15	2703	PC	0.0
15	2703	PH	0.07581504
15	2703	Other	0.92418504
15	2704	PC	0.0
15	2704	PH	0.95329
15	2704	Other	0.04671011
15	2705	PC	0.00045131225
15	2705	PH	0.050269913
15	2705	Other	0.9492787
15	2706	PC	0.0
15	2706	PH	0.05072151
15	2706	Other	0.94927853
15	2707	PC	0.0
15	2707	PH	0.9447708
15	2707	Other	0.05522921
15	2708	PC	0.0016740836
15	2708	PH	0.024954997
15	2708	Other	0.97337097
15	2709	PC	0.0
15	2709	PH	0.09063364
15	2709	Other	0.90936637
15	2710	PC	0.0
15	2710	PH	0.06400445
15	2710	Other	0.9359956
15	2711	PC	0.0
15	2711	PH	0.9525825
15	2711	Other	0.04741758
15	2712	PC	1.8066685e-05
15	2712	PH	0.05494587
15	2712	Other	0.94503593
15	2713	PC	0.0
15	2713	PH	0.10848357
15	2713	Other	0.89151645
15	2714	PC	0.0
15	2714	PH	0.05619624
15	2714	Other	0.9438038
15	2715	PC	0.0
15	2715	PH	0.0026768248
15	2715	Other	0.9973232
15	2716	PC	0.0
15	2716	PH	1.5140449e-07
15	2716	Other	0.9999999
15	2717	PC	6.16894e-08
15	2717	PH	6.16894e-08
15	2717	Other	0.9999999
15	2718	PC	0.0
15	2718	PH	5.701624e-08
15	2718	Other	0.9999999
15	2719	PC	0.0
15	2719	PH	5.9867226e-08
15	2719	Other	0.9999999
15	2720	PC	0.0
15	2720	PH	8.533838e-08
15	2720	Other	0.9999999
15	2721	PC	8.4191996e-08
15	2721	PH	0.0
15	2721	Other	0.9999999
15	2722	PC	2.2941837e-08
15	2722	PH	1.43991e-07
15	2722	Other	0.9999999
15	2723	PC	2.2941837e-08
15	2723	PH	1.498173e-07
15	2723	Other	0.9999999
15	2724	PC	1.4351068e-07
15	2724	PH	2.2941837e-08
15	2724	Other	0.9999999
15	2725	PC	5.9211896e-16
15	2725	PH	1.2475216e-07
15	2725	Other	0.9999999
15	2726	PC	1.3889024e-07
15	2726	PH	0.0
15	2726	Other	0.9999999
15	2727	PC	7.47025e-08
15	2727	PH	0.0
15	2727	Other	0.9999999
15	2728	PC	2.1315298e-09
15	2728	PH	0.0
15	2728	Other	0.99999994
15	2729	PC	9.239012e-08
15	2729	PH	9.239012e-08
15	2729	Other	0.9999999
15	2730	PC	2.2941837e-08
15	2730	PH	1.2686004e-07
15	2730	Other	0.9999999
15	2731	PC	7.899532e-08
15	2731	PH	0.0
15	2731	Other	0.9999999
15	2732	PC	0.0
15	2732	PH	1.2706505e-07
15	2732	Other	0.9999999
15	2733	PC	0.0
15	2733	PH	7.743281e-08
15	2733	Other	0.9999999
15	2734	PC	2.2941837e-08
15	2734	PH	1.4876888e-07
15	2734	Other	0.9999999
15	2735	PC	0.0
15	2735	PH	8.034129e-08
15	2735	Other	0.9999999
15	2736	PC	1.3249277e-07
15	2736	PH	0.0
15	2736	Other	0.9999999
15	2737	PC	5.2175505e-08
15	2737	PH	5.2175505e-08
15	2737	Other	0.9999999
15	2738	PC	0.0
15	2738	PH	1.4447141e-07
15	2738	Other	0.9999999
15	2739	PC	0.0
15	2739	PH	5.666548e-08
15	2739	Other	0.9999999
15	2740	PC	3.495066e-08
15	2740	PH	3.495066e-08
15	2740	Other	0.9999999
15	2741	PC	1.1470919e-08
15	2741	PH	1.4515643e-07
15	2741	Other	0.9999999
15	2742	PC	1.01264725e-07
15	2742	PH	1.01264725e-07
15	2742	Other	0.9999999
15	2743	PC	0.0
15	2743	PH	7.642181e-08
15	2743	Other	0.9999999
15	2744	PC	7.9525584e-08
15	2744	PH	0.0
15	2744	Other	0.9999999
15	2745	PC	2.2941837e-08
15	2745	PH	1.5223979e-07
15	2745	Other	0.9999999
15	2746	PC	4.6390912e-08
15	2746	PH	4.6390912e-08
15	2746	Other	0.9999999
15	2747	PC	1.5304974e-07
15	2747	PH	1.1470919e-08
15	2747	Other	0.9999999
15	2748	PC	1.3705922e-07
15	2748	PH	0.0
15	2748	Other	0.9999999
15	2749	PC	0.0
15	2749	PH	1.539255e-07
15	2749	Other	0.9999999
15	2750	PC	1.4646639e-07
15	2750	PH	0.0
15	2750	Other	0.9999999
15	2751	PC	0.0
15	2751	PH	8.6486615e-08
15	2751	Other	0.9999999
15	2752	PC	5.3411288e-08
15	2752	PH	0.0
15	2752	Other	0.9999999
15	2753	PC	4.147292e-08
15	2753	PH	4.147292e-08
15	2753	Other	0.9999999
15	2754	PC	2.2941837e-08
15	2754	PH	1.5044769e-07
15	2754	Other	0.9999999
15	2755	PC	0.0
15	2755	PH	7.7408934e-08
15	2755	Other	0.9999999
15	2756	PC	0.0
15	2756	PH	5.1652943e-08
15	2756	Other	0.9999999
15	2757	PC	8.462839e-08
15	2757	PH	0.0
15	2757	Other	0.9999999
15	2758	PC	6.086363e-08
15	2758	PH	6.086363e-08
15	2758	Other	0.9999999
15	2759	PC	8.1673214e-08
15	2759	PH	0.0
15	2759	Other	0.9999999
15	2760	PC	0.0
15	2760	PH	7.9154304e-08
15	2760	Other	0.9999999
15	2761	PC	2.2941837e-08
15	2761	PH	1.4783414e-07
15	2761	Other	0.9999999
15	2762	PC	0.0
15	2762	PH	7.608761e-08
15	2762	Other	0.9999999
15	2763	PC	5.5506472e-08
15	2763	PH	0.0
15	2763	Other	0.9999999
15	2764	PC	1.2203364e-07
15	2764	PH	5.9211896e-16
15	2764	Other	0.9999999
15	2765	PC	1.382876e-07
15	2765	PH	0.0
15	2765	Other	0.9999999
15	2766	PC	0.0
15	2766	PH	1.3455335e-07
15	2766	Other	0.9999999
15	2767	PC	1.4013354e-07
15	2767	PH	0.0
15	2767	Other	0.9999999
15	2768	PC	6.203813e-08
15	2768	PH	6.203813e-08
15	2768	Other	0.9999999
15	2769	PC	1.5221678e-07
15	2769	PH	2.2941837e-08
15	2769	Other	0.9999999
15	2770	PC	0.0
15	2770	PH	1.2053107e-07
15	2770	Other	0.9999999
15	2771	PC	0.0
15	2771	PH	8.53851e-08
15	2771	Other	0.9999999
15	2772	PC	1.4692118e-07
15	2772	PH	1.1470919e-08
15	2772	Other	0.9999999
15	2773	PC	8.439195e-08
15	2773	PH	0.0
15	2773	Other	0.9999999
15	2774	PC	3.4065906e-08
15	2774	PH	3.4065906e-08
15	2774	Other	0.9999999
15	2775	PC	0.0
15	2775	PH	1.3834524e-07
15	2775	Other	0.9999999
15	2776	PC	3.925284e-08
15	2776	PH	3.925284e-08
15	2776	Other	0.9999999
15	2777	PC	2.2941837e-08
15	2777	PH	1.4818572e-07
15	2777	Other	0.9999999
15	2778	PC	5.201299e-08
15	2778	PH	0.0
15	2778	Other	0.9999999
15	2779	PC	7.7943376e-08
15	2779	PH	0.0
15	2779	Other	0.9999999
15	2780	PC	1.4701656e-07
15	2780	PH	2.2941837e-08
15	2780	Other	0.9999999
15	2781	PC	1.5169375e-07
15	2781	PH	2.2941837e-08
15	2781	Other	0.9999999
15	2782	PC	0.0
15	2782	PH	8.4225796e-08
15	2782	Other	0.9999999
15	2783	PC	0.0
15	2783	PH	6.616996e-08
15	2783	Other	0.9999999
15	2784	PC	1.2069461e-07
15	2784	PH	0.0
15	2784	Other	0.9999999
15	2785	PC	0.0
15	2785	PH	1.3510616e-07
15	2785	Other	0.9999999
15	2786	PC	1.0357467e-07
15	2786	PH	1.0357467e-07
15	2786	Other	0.9999999
15	2787	PC	1.49823e-07
15	2787	PH	0.0
15	2787	Other	0.9999999
15	2788	PC	0.0
15	2788	PH	1.4148344e-07
15	2788	Other	0.9999999
15	2789	PC	1.4389573e-07
15	2789	PH	2.2941837e-08
15	2789	Other	0.9999999
15	2790	PC	0.0
15	2790	PH	1.2983031e-07
15	2790	Other	0.9999999
15	2791	PC	1.5456622e-07
15	2791	PH	2.2941837e-08
15	2791	Other	0.9999999
15	2792	PC	1.4932156e-07
15	2792	PH	2.2941837e-08
15	2792	Other	0.9999999
15	2793	PC	5.599149e-08
15	2793	PH	5.599149e-08
15	2793	Other	0.9999999
15	2794	PC	8.347097e-08
15	2794	PH	0.0
15	2794	Other	0.9999999
15	2795	PC	0.0
15	2795	PH	7.9164934e-08
15	2795	Other	0.9999999
15	2796	PC	4.5035467e-08
15	2796	PH	4.5035467e-08
15	2796	Other	0.9999999
15	2797	PC	1.5096298e-07
15	2797	PH	2.2941837e-08
15	2797	Other	0.9999999
15	2798	PC	0.0
15	2798	PH	1.2822954e-07
15	2798	Other	0.9999999
15	2799	PC	2.9943166e-08
15	2799	PH	2.9943166e-08
15	2799	Other	0.9999999
15	2800	PC	0.0
15	2800	PH	9.156121e-08
15	2800	Other	0.9999999
15	2801	PC	0.0
15	2801	PH	1.2546332e-07
15	2801	Other	0.9999999
15	2802	PC	1.4967121e-07
15	2802	PH	2.2941837e-08
15	2802	Other	0.9999999
15	2803	PC	1.4847181e-07
15	2803	PH	2.2941837e-08
15	2803	Other	0.9999999
15	2804	PC	0.0
15	2804	PH	1.2446398e-07
15	2804	Other	0.9999999
15	2805	PC	2.2340712e-08
15	2805	PH	2.2340712e-08
15	2805	Other	0.9999999
15	2806	PC	0.0
15	2806	PH	5.8224945e-08
15	2806	Other	0.9999999
16	2807	PC	1.3706224e-07
16	2807	PH	0.0
16	2807	Other	0.9999999
16	2808	PC	8.158147e-08
16	2808	PH	0.0
16	2808	Other	0.9999999
16	2809	PC	1.4930131e-07
16	2809	PH	2.2941837e-08
16	2809	Other	0.9999999
16	2810	PC	5.826932e-08
16	2810	PH	0.0
16	2810	Other	0.9999999
16	2811	PC	1.1470919e-08
16	2811	PH	8.052874e-08
16	2811	Other	0.9999999
16	2812	PC	0.0
16	2812	PH	7.493386e-08
16	2812	Other	0.9999999
16	2813	PC	1.1470919e-08
16	2813	PH	1.5174861e-07
16	2813	Other	0.9999999
16	2814	PC	0.0
16	2814	PH	7.9306595e-08
16	2814	Other	0.9999999
16	2815	PC	0.0
16	2815	PH	1.2171529e-07
16	2815	Other	0.9999999
16	2816	PC	5.4177132e-08
16	2816	PH	0.0
16	2816	Other	0.9999999
16	2817	PC	1.3194685e-07
16	2817	PH	0.0
16	2817	Other	0.9999999
16	2818	PC	1.4717442e-07
16	2818	PH	2.2941837e-08
16	2818	Other	0.9999999
16	2819	PC	2.993925e-08
16	2819	PH	5.974094e-08
16	2819	Other	0.9999999
16	2820	PC	0.0
16	2820	PH	9.205885e-08
16	2820	Other	0.9999999
16	2821	PC	1.5123281e-07
16	2821	PH	2.2941837e-08
16	2821	Other	0.9999999
16	2822	PC	4.0520046e-08
16	2822	PH	4.0520046e-08
16	2822	Other	0.9999999
16	2823	PC	0.0
16	2823	PH	1.5390265e-07
16	2823	Other	0.9999999
16	2824	PC	1.2129544e-07
16	2824	PH	0.0
16	2824	Other	0.9999999
16	2825	PC	1.2339996e-07
16	2825	PH	0.0
16	2825	Other	0.9999999
16	2826	PC	0.7781748
16	2826	PH	0.22182518
16	2826	Other	0.0
16	2827	PC	0.12828037
16	2827	PH	1.9087607e-05
16	2827	Other	0.8717005
16	2828	PC	0.12829943
16	2828	PH	0.0
16	2828	Other	0.87170047
16	2829	PC	0.66666675
16	2829	PH	0.33333337
16	2829	Other	0.0
16	2830	PC	1.4783669e-07
16	2830	PH	2.2941837e-08
16	2830	Other	0.9999999
16	2831	PC	0.9554477
16	2831	PH	0.0
16	2831	Other	0.0445523
16	2832	PC	0.13183549
16	2832	PH	0.00034365733
16	2832	Other	0.86782086
16	2833	PC	0.13217919
16	2833	PH	0.0
16	2833	Other	0.86782074
16	2834	PC	0.6666666
16	2834	PH	0.33333337
16	2834	Other	0.0
16	2835	PC	5.779121e-08
16	2835	PH	0.0
16	2835	Other	0.9999999
16	2836	PC	0.7781748
16	2836	PH	0.22182512
16	2836	Other	0.0
16	2837	PC	0.13097864
16	2837	PH	0.00018332839
16	2837	Other	0.8688381
16	2838	PC	0.13116202
16	2838	PH	0.0
16	2838	Other	0.86883795
16	2839	PC	0.93297994
16	2839	PH	0.0
16	2839	Other	0.06702002
16	2840	PC	0.1301403
16	2840	PH	0.0001338197
16	2840	Other	0.8697259
16	2841	PC	0.1302741
16	2841	PH	0.0
16	2841	Other	0.86972594
16	2842	PC	0.940694
16	2842	PH	0.0
16	2842	Other	0.05930606
16	2843	PC	0.12113351
16	2843	PH	0.009295013
16	2843	Other	0.86957145
16	2844	PC	0.13042857
16	2844	PH	0.0
16	2844	Other	0.86957145
16	2845	PC	0.9329821
16	2845	PH	0.0
16	2845	Other	0.067017905
16	2846	PC	0.13024074
16	2846	PH	0.0001229452
16	2846	Other	0.8696363
16	2847	PC	0.13036366
16	2847	PH	0.0
16	2847	Other	0.86963636
16	2848	PC	0.9426149
16	2848	PH	0.0
16	2848	Other	0.05738509
16	2849	PC	0.10422805
16	2849	PH	0.00037501755
16	2849	Other	0.89539695
16	2850	PC	0.16708437
16	2850	PH	0.0
16	2850	Other	0.83291566
16	2851	PC	0.123685144
16	2851	PH	0.0
16	2851	Other	0.876315
16	2852	PC	0.16591135
16	2852	PH	0.0
16	2852	Other	0.8340887
16	2853	PC	0.10470774
16	2853	PH	0.0
16	2853	Other	0.8952923
16	2854	PC	0.66666675
16	2854	PH	0.33333337
16	2854	Other	0.0
16	2855	PC	8.688708e-08
16	2855	PH	0.0
16	2855	Other	0.9999999
16	2856	PC	2.2941837e-08
16	2856	PH	1.5094352e-07
16	2856	Other	0.9999999
16	2857	PC	2.2941837e-08
16	2857	PH	1.500968e-07
16	2857	Other	0.9999999
16	2858	PC	2.2941837e-08
16	2858	PH	1.4396929e-07
16	2858	Other	0.9999999
16	2859	PC	0.0
16	2859	PH	8.595567e-08
16	2859	Other	0.9999999
16	2860	PC	2.2941837e-08
16	2860	PH	1.4971789e-07
16	2860	Other	0.9999999
16	2861	PC	5.0880335e-08
16	2861	PH	4.3429754e-08
16	2861	Other	0.9999999
16	2862	PC	0.0
16	2862	PH	1.3623942e-07
16	2862	Other	0.9999999
16	2863	PC	8.180821e-08
16	2863	PH	0.0
16	2863	Other	0.9999999
16	2864	PC	9.552175e-08
16	2864	PH	0.0
16	2864	Other	0.9999999
16	2865	PC	0.0
16	2865	PH	7.6612416e-08
16	2865	Other	0.9999999
16	2866	PC	1.4175265e-07
16	2866	PH	0.0
16	2866	Other	0.9999999
16	2867	PC	2.2941837e-08
16	2867	PH	1.4722525e-07
16	2867	Other	0.9999999
16	2868	PC	1.3036839e-07
16	2868	PH	0.0
16	2868	Other	0.9999999
16	2869	PC	8.19946e-08
16	2869	PH	0.0
16	2869	Other	0.9999999
16	2870	PC	7.888548e-05
16	2870	PH	0.07006772
16	2870	Other	0.92985344
16	2871	PC	0.0
16	2871	PH	0.07014671
16	2871	Other	0.92985326
16	2872	PC	0.0
16	2872	PH	0.9791672
16	2872	Other	0.020832753
16	2873	PC	0.0008558671
16	2873	PH	0.049890675
16	2873	Other	0.9492535
16	2874	PC	0.0
16	2874	PH	0.050746515
16	2874	Other	0.94925344
16	2875	PC	0.0
16	2875	PH	0.99758184
16	2875	Other	0.0024182291
16	2876	PC	1.2388597e-06
16	2876	PH	0.026868809
16	2876	Other	0.97313
16	2877	PC	0.0
16	2877	PH	0.090747885
16	2877	Other	0.90925217
16	2878	PC	0.0
16	2878	PH	0.063877836
16	2878	Other	0.9361222
16	2879	PC	0.5005747
16	2879	PH	0.49942538
16	2879	Other	0.0
16	2880	PC	0.005491176
16	2880	PH	0.051566042
16	2880	Other	0.94294274
16	2881	PC	0.0
16	2881	PH	0.104530744
16	2881	Other	0.8954693
16	2882	PC	0.0
16	2882	PH	0.06858156
16	2882	Other	0.9314185
16	2883	PC	0.0
16	2883	PH	0.057654496
16	2883	Other	0.9423455
16	2884	PC	0.0
16	2884	PH	0.06418313
16	2884	Other	0.9358168
16	2885	PC	0.0
16	2885	PH	0.042827163
16	2885	Other	0.9571728
16	2886	PC	0.0
16	2886	PH	0.9973327
16	2886	Other	0.0026673751
16	2887	PC	2.8855176e-08
16	2887	PH	2.8855176e-08
16	2887	Other	0.9999999
16	2888	PC	0.0
16	2888	PH	0.95305085
16	2888	Other	0.0469492
16	2889	PC	0.0009200934
16	2889	PH	0.04985522
16	2889	Other	0.9492247
16	2890	PC	0.0
16	2890	PH	0.050775334
16	2890	Other	0.94922465
16	2891	PC	0.5008043
16	2891	PH	0.4991958
16	2891	Other	0.0
16	2892	PC	1.9879077e-05
16	2892	PH	0.032004166
16	2892	Other	0.967976
16	2893	PC	0.0
16	2893	PH	0.08163755
16	2893	Other	0.9183624
16	2894	PC	0.0
16	2894	PH	0.08350414
16	2894	Other	0.91649586
16	2895	PC	0.0
16	2895	PH	0.09649431
16	2895	Other	0.9035057
16	2896	PC	0.0
16	2896	PH	0.0626037
16	2896	Other	0.9373963
16	2897	PC	0.5008042
16	2897	PH	0.4991958
16	2897	Other	0.0
16	2898	PC	0.010221036
16	2898	PH	0.06363037
16	2898	Other	0.92614865
16	2899	PC	0.0
16	2899	PH	0.073851295
16	2899	Other	0.92614865
16	2900	PC	0.50080425
16	2900	PH	0.4991959
16	2900	Other	0.0
16	2901	PC	2.2941837e-08
16	2901	PH	1.4489032e-07
16	2901	Other	0.9999999
16	2902	PC	0.22222224
16	2902	PH	0.7777778
16	2902	Other	0.0
16	2903	PC	0.0
16	2903	PH	0.953565
16	2903	Other	0.046435025
16	2904	PC	0.22222224
16	2904	PH	0.7777778
16	2904	Other	0.0
16	2905	PC	0.0
16	2905	PH	9.323609e-08
16	2905	Other	0.9999999
16	2906	PC	0.0
16	2906	PH	6.4732056e-08
16	2906	Other	0.9999999
16	2907	PC	1.4660642e-07
16	2907	PH	2.2941837e-08
16	2907	Other	0.9999999
16	2908	PC	5.1661516e-08
16	2908	PH	0.9999999
16	2908	Other	8.590396e-08
16	2909	PC	0.0
16	2909	PH	5.6721387e-08
16	2909	Other	0.9999999
16	2910	PC	0.0
16	2910	PH	7.928132e-08
16	2910	Other	0.9999999
16	2911	PC	8.2988876e-08
16	2911	PH	0.9999999
16	2911	Other	0.0
16	2912	PC	1.0565761e-07
16	2912	PH	0.0
16	2912	Other	0.9999999
16	2913	PC	0.22222224
16	2913	PH	0.7777778
16	2913	Other	0.0
16	2914	PC	3.667871e-08
16	2914	PH	2.9228126e-08
16	2914	Other	0.9999999
16	2915	PC	1.4758982e-07
16	2915	PH	2.2941837e-08
16	2915	Other	0.9999999
16	2916	PC	0.22222224
16	2916	PH	0.7777778
16	2916	Other	0.0
16	2917	PC	1.4992705e-07
16	2917	PH	2.2941837e-08
16	2917	Other	0.9999999
16	2918	PC	1.4953227e-07
16	2918	PH	1.1470919e-08
16	2918	Other	0.9999999
16	2919	PC	4.462971e-08
16	2919	PH	0.9999999
16	2919	Other	1.0323824e-07
16	2920	PC	1.4557136e-07
16	2920	PH	2.2941837e-08
16	2920	Other	0.9999999
16	2921	PC	1.4976246e-07
16	2921	PH	0.0
16	2921	Other	0.9999999
16	2922	PC	4.839821e-08
16	2922	PH	0.9999999
16	2922	Other	1.0112542e-07
16	2923	PC	2.2941837e-08
16	2923	PH	1.5070076e-07
16	2923	Other	0.9999999
16	2924	PC	2.8738485e-08
16	2924	PH	0.9999999
16	2924	Other	6.363037e-08
16	2925	PC	0.0
16	2925	PH	0.0
16	2925	Other	1.0
16	2926	PC	3.7361566e-08
16	2926	PH	0.9999999
16	2926	Other	5.7019918e-08
16	2927	PC	7.950568e-08
16	2927	PH	0.0
16	2927	Other	0.9999999
16	2928	PC	1.3967777e-07
16	2928	PH	0.0
16	2928	Other	0.9999999
16	2929	PC	5.053251e-08
16	2929	PH	5.053251e-08
16	2929	Other	0.9999999
16	2930	PC	0.0
16	2930	PH	1.2327104e-07
16	2930	Other	0.9999999
16	2931	PC	0.0
16	2931	PH	1.4722015e-07
16	2931	Other	0.9999999
16	2932	PC	5.248561e-08
16	2932	PH	0.9999999
16	2932	Other	7.897416e-08
16	2933	PC	1.5191328e-07
16	2933	PH	2.2941837e-08
16	2933	Other	0.9999999
16	2934	PC	5.4230515e-08
16	2934	PH	0.0
16	2934	Other	0.9999999
16	2935	PC	3.376925e-08
16	2935	PH	0.9999999
16	2935	Other	6.7125825e-08
16	2936	PC	1.5480694e-07
16	2936	PH	2.2941837e-08
16	2936	Other	0.9999999
16	2937	PC	9.7240864e-08
16	2937	PH	0.0
16	2937	Other	0.9999999
16	2938	PC	4.792563e-05
16	2938	PH	0.07004432
16	2938	Other	0.9299077
16	2939	PC	0.0
16	2939	PH	0.07009272
16	2939	Other	0.9299073
16	2940	PC	0.0
16	2940	PH	0.9815767
16	2940	Other	0.018423302
16	2941	PC	0.039687283
16	2941	PH	0.0009945784
16	2941	Other	0.9593182
16	2942	PC	0.0
16	2942	PH	0.06799804
16	2942	Other	0.93200195
16	2943	PC	0.0
16	2943	PH	0.059596874
16	2943	Other	0.9404031
16	2944	PC	0.0
16	2944	PH	0.045566004
16	2944	Other	0.95443404
16	2945	PC	0.0
16	2945	PH	0.9792564
16	2945	Other	0.020743605
16	2946	PC	0.00074199657
16	2946	PH	0.05025112
16	2946	Other	0.9490069
16	2947	PC	0.0
16	2947	PH	0.050993208
16	2947	Other	0.94900674
16	2948	PC	0.0
16	2948	PH	0.9858024
16	2948	Other	0.014197618
16	2949	PC	1.1470919e-08
16	2949	PH	0.037130974
16	2949	Other	0.962869
16	2950	PC	0.0
16	2950	PH	0.037131283
16	2950	Other	0.9628687
16	2951	PC	5.8100348e-08
16	2951	PH	0.9999999
16	2951	Other	9.081376e-08
16	2952	PC	1.4945644e-07
16	2952	PH	2.2941837e-08
16	2952	Other	0.9999999
16	2953	PC	9.6585836e-08
16	2953	PH	4.5883677e-08
16	2953	Other	0.9999999
16	2954	PC	5.7354594e-08
16	2954	PH	0.055985473
16	2954	Other	0.9440145
16	2955	PC	0.0
16	2955	PH	0.092736766
16	2955	Other	0.9072633
16	2956	PC	0.0
16	2956	PH	0.08023734
16	2956	Other	0.9197627
16	2957	PC	0.0
16	2957	PH	0.09372306
16	2957	Other	0.90627694
16	2958	PC	0.0
16	2958	PH	0.050236948
16	2958	Other	0.949763
16	2959	PC	1.504855e-07
16	2959	PH	0.0
16	2959	Other	0.9999999
16	2960	PC	1.3563984e-07
16	2960	PH	0.0
16	2960	Other	0.9999999
16	2961	PC	1.48458e-07
16	2961	PH	2.2941837e-08
16	2961	Other	0.9999999
16	2962	PC	2.2941837e-08
16	2962	PH	1.445733e-07
16	2962	Other	0.9999999
16	2963	PC	5.4727526e-08
16	2963	PH	5.4727526e-08
16	2963	Other	0.9999999
16	2964	PC	8.103716e-08
16	2964	PH	0.0
16	2964	Other	0.9999999
16	2965	PC	0.0
16	2965	PH	0.0
16	2965	Other	1.0
16	2966	PC	0.0
16	2966	PH	1.5357324e-07
16	2966	Other	0.9999999
16	2967	PC	1.538974e-07
16	2967	PH	2.2941837e-08
16	2967	Other	0.9999999
16	2968	PC	1.479427e-07
16	2968	PH	2.2941837e-08
16	2968	Other	0.9999999
16	2969	PC	1.4826695e-07
16	2969	PH	2.2941837e-08
16	2969	Other	0.9999999
16	2970	PC	5.729088e-08
16	2970	PH	5.729088e-08
16	2970	Other	0.9999999
16	2971	PC	2.2941837e-08
16	2971	PH	1.4478738e-07
16	2971	Other	0.9999999
16	2972	PC	1.2821272e-07
16	2972	PH	0.0
16	2972	Other	0.9999999
16	2973	PC	0.0
16	2973	PH	5.8665574e-08
16	2973	Other	0.9999999
16	2974	PC	0.0
16	2974	PH	7.528225e-08
16	2974	Other	0.9999999
16	2975	PC	7.402445e-08
16	2975	PH	0.0
16	2975	Other	0.9999999
16	2976	PC	0.0
16	2976	PH	9.142516e-08
16	2976	Other	0.9999999
16	2977	PC	0.0
16	2977	PH	7.484825e-08
16	2977	Other	0.9999999
16	2978	PC	1.0687912e-07
16	2978	PH	1.0687912e-07
16	2978	Other	0.9999999
16	2979	PC	1.5047706e-07
16	2979	PH	2.2941837e-08
16	2979	Other	0.9999999
16	2980	PC	2.2941837e-08
16	2980	PH	1.4520417e-07
16	2980	Other	0.9999999
16	2981	PC	0.0
16	2981	PH	8.5267665e-08
16	2981	Other	0.9999999
16	2982	PC	9.399711e-08
16	2982	PH	0.0
16	2982	Other	0.9999999
16	2983	PC	8.863051e-08
16	2983	PH	1.0353167e-07
16	2983	Other	0.9999999
16	2984	PC	1.247092e-07
16	2984	PH	5.9211896e-16
16	2984	Other	0.9999999
16	2985	PC	2.2941837e-08
16	2985	PH	1.4582386e-07
16	2985	Other	0.9999999
16	2986	PC	0.0
16	2986	PH	5.6870203e-08
16	2986	Other	0.9999999
16	2987	PC	0.0
16	2987	PH	1.3267035e-07
16	2987	Other	0.9999999
16	2988	PC	0.0
16	2988	PH	7.8114105e-08
16	2988	Other	0.9999999
16	2989	PC	0.0
16	2989	PH	9.593675e-08
16	2989	Other	0.9999999
16	2990	PC	1.1842379e-15
16	2990	PH	0.052557044
16	2990	Other	0.9474429
16	2991	PC	0.0
16	2991	PH	0.100375466
16	2991	Other	0.8996245
16	2992	PC	0.0
16	2992	PH	0.0691707
16	2992	Other	0.9308294
16	2993	PC	0.0
16	2993	PH	0.054934032
16	2993	Other	0.9450661
16	2994	PC	0.0
16	2994	PH	0.057658795
16	2994	Other	0.94234115
16	2995	PC	0.0
16	2995	PH	0.024077293
16	2995	Other	0.9759227
16	2996	PC	0.0
16	2996	PH	9.160377e-08
16	2996	Other	0.9999999
16	2997	PC	0.0
16	2997	PH	8.419607e-08
16	2997	Other	0.9999999
16	2998	PC	1.1470919e-08
16	2998	PH	1.5172557e-07
16	2998	Other	0.9999999
16	2999	PC	2.2941837e-08
16	2999	PH	1.4665736e-07
16	2999	Other	0.9999999
16	3000	PC	4.5883677e-08
16	3000	PH	0.037913453
16	3000	Other	0.96208656
16	3001	PC	0.0
16	3001	PH	0.06028489
16	3001	Other	0.93971515
16	3002	PC	0.0
16	3002	PH	0.053793475
16	3002	Other	0.9462065
16	3003	PC	0.0
16	3003	PH	0.059218142
16	3003	Other	0.94078183
16	3004	PC	0.0
16	3004	PH	0.057473406
16	3004	Other	0.9425266
16	3005	PC	0.0
16	3005	PH	0.05855741
16	3005	Other	0.9414426
16	3006	PC	0.0
16	3006	PH	0.058145177
16	3006	Other	0.94185483
16	3007	PC	0.0
16	3007	PH	0.05836249
16	3007	Other	0.9416375
16	3008	PC	0.0
16	3008	PH	0.058272034
16	3008	Other	0.94172794
16	3009	PC	0.0
16	3009	PH	0.05831629
16	3009	Other	0.94168377
16	3010	PC	0.0
16	3010	PH	0.058295287
16	3010	Other	0.94170475
16	3011	PC	0.0
16	3011	PH	0.058309164
16	3011	Other	0.9416908
16	3012	PC	0.0
16	3012	PH	0.058293737
16	3012	Other	0.9417063
16	3013	PC	0.0
16	3013	PH	0.05832132
16	3013	Other	0.94167864
16	3014	PC	0.0
16	3014	PH	0.05826435
16	3014	Other	0.9417356
16	3015	PC	0.0
16	3015	PH	0.05839389
16	3015	Other	0.94160604
16	3016	PC	0.0
16	3016	PH	0.058127824
16	3016	Other	0.94187224
16	3017	PC	0.0
16	3017	PH	0.058773123
16	3017	Other	0.94122684
16	3018	PC	0.0
16	3018	PH	0.057518713
16	3018	Other	0.94248134
16	3019	PC	0.0
16	3019	PH	0.06029992
16	3019	Other	0.9397001
16	3020	PC	0.0
16	3020	PH	0.03273975
16	3020	Other	0.9672602
16	3021	PC	8.866599e-08
16	3021	PH	0.0
16	3021	Other	0.9999999
16	3022	PC	6.9605434e-05
16	3022	PH	0.043912087
16	3022	Other	0.9560183
16	3023	PC	0.0
16	3023	PH	0.06501807
16	3023	Other	0.93498194
16	3024	PC	0.0
16	3024	PH	0.053363953
16	3024	Other	0.9466361
16	3025	PC	0.0
16	3025	PH	0.05986656
16	3025	Other	0.94013345
16	3026	PC	0.0
16	3026	PH	0.057373572
16	3026	Other	0.9426264
16	3027	PC	0.0
16	3027	PH	0.058662616
16	3027	Other	0.94133735
16	3028	PC	0.0
16	3028	PH	0.058123935
16	3028	Other	0.94187605
16	3029	PC	0.0
16	3029	PH	0.05837781
16	3029	Other	0.94162226
16	3030	PC	0.0
16	3030	PH	0.058273744
16	3030	Other	0.9417262
16	3031	PC	0.0
16	3031	PH	0.0583075
16	3031	Other	0.9416925
16	3032	PC	0.0
16	3032	PH	0.058329478
16	3032	Other	0.94167054
16	3033	PC	0.0
16	3033	PH	0.05825447
16	3033	Other	0.9417455
16	3034	PC	0.0
16	3034	PH	0.05847583
16	3034	Other	0.94152415
16	3035	PC	0.0
16	3035	PH	0.05812834
16	3035	Other	0.94187164
16	3036	PC	0.0
16	3036	PH	0.059395935
16	3036	Other	0.94060403
16	3037	PC	0.0
16	3037	PH	0.055582635
16	3037	Other	0.9444175
16	3038	PC	0.0
16	3038	PH	0.024879077
16	3038	Other	0.9751209
16	3039	PC	1.4647387e-07
16	3039	PH	2.2941837e-08
16	3039	Other	0.9999999
16	3040	PC	0.0
16	3040	PH	1.3108996e-07
16	3040	Other	0.9999999
16	3041	PC	0.0
16	3041	PH	9.512306e-08
16	3041	Other	0.9999999
16	3042	PC	4.724582e-08
16	3042	PH	2.2941837e-08
16	3042	Other	1.0
17	3043	PC	1.02578845e-07
17	3043	PH	0.0
17	3043	Other	0.9999999
17	3044	PC	0.0
17	3044	PH	5.8617008e-08
17	3044	Other	0.9999999
17	3045	PC	1.4684986e-07
17	3045	PH	0.0
17	3045	Other	0.9999999
17	3046	PC	1.1470919e-08
17	3046	PH	1.457919e-07
17	3046	Other	0.9999999
17	3047	PC	4.129837e-08
17	3047	PH	2.639718e-08
17	3047	Other	0.9999999
17	3048	PC	1.4855117e-07
17	3048	PH	1.1470919e-08
17	3048	Other	0.9999999
17	3049	PC	5.8579264e-08
17	3049	PH	0.0
17	3049	Other	0.9999999
17	3050	PC	2.2941837e-08
17	3050	PH	1.4356428e-07
17	3050	Other	0.9999999
17	3051	PC	0.7781748
17	3051	PH	0.22182527
17	3051	Other	0.0
17	3052	PC	0.7781748
17	3052	PH	0.22182527
17	3052	Other	0.0
17	3053	PC	9.2629016e-08
17	3053	PH	0.0
17	3053	Other	0.9999999
17	3054	PC	0.7781748
17	3054	PH	0.22182518
17	3054	Other	0.0
17	3055	PC	0.00031296152
17	3055	PH	0.08969324
17	3055	Other	0.9099939
17	3056	PC	0.18414748
17	3056	PH	0.0
17	3056	Other	0.8158525
17	3057	PC	0.09414112
17	3057	PH	0.0
17	3057	Other	0.9058589
17	3058	PC	0.6315789
17	3058	PH	0.36842105
17	3058	Other	0.0
17	3059	PC	0.1274425
17	3059	PH	0.0027634702
17	3059	Other	0.869794
17	3060	PC	0.13020603
17	3060	PH	0.0
17	3060	Other	0.869794
17	3061	PC	0.94827235
17	3061	PH	0.0
17	3061	Other	0.051727675
17	3062	PC	0.09299003
17	3062	PH	2.2941837e-08
17	3062	Other	0.90700996
17	3063	PC	0.18697716
17	3063	PH	0.0
17	3063	Other	0.81302285
17	3064	PC	0.09398706
17	3064	PH	0.0
17	3064	Other	0.90601295
17	3065	PC	0.9323102
17	3065	PH	0.0
17	3065	Other	0.06768979
17	3066	PC	0.092392795
17	3066	PH	6.0015842e-05
17	3066	Other	0.90754724
17	3067	PC	0.18649778
17	3067	PH	0.0
17	3067	Other	0.8135022
17	3068	PC	0.09404507
17	3068	PH	0.0
17	3068	Other	0.90595496
17	3069	PC	0.9327252
17	3069	PH	0.0
17	3069	Other	0.06727483
17	3070	PC	0.12862593
17	3070	PH	0.0018929883
17	3070	Other	0.8694811
17	3071	PC	0.1305191
17	3071	PH	0.0
17	3071	Other	0.8694809
17	3072	PC	0.66666675
17	3072	PH	0.33333337
17	3072	Other	0.0
17	3073	PC	1.4745697e-07
17	3073	PH	2.2941837e-08
17	3073	Other	0.9999999
17	3074	PC	0.9506708
17	3074	PH	0.0
17	3074	Other	0.049329214
17	3075	PC	0.0
17	3075	PH	1.4896962e-07
17	3075	Other	0.9999999
17	3076	PC	4.0437452e-08
17	3076	PH	4.0437452e-08
17	3076	Other	0.9999999
17	3077	PC	6.1322815e-08
17	3077	PH	0.0
17	3077	Other	0.9999999
17	3078	PC	0.0
17	3078	PH	7.795796e-08
17	3078	Other	0.9999999
17	3079	PC	1.5294248e-07
17	3079	PH	2.2941837e-08
17	3079	Other	0.9999999
17	3080	PC	7.88772e-08
17	3080	PH	0.0
17	3080	Other	0.9999999
17	3081	PC	1.8438483e-08
17	3081	PH	1.8438483e-08
17	3081	Other	0.9999999
17	3082	PC	0.0
17	3082	PH	6.14326e-08
17	3082	Other	0.9999999
17	3083	PC	1.4893367e-07
17	3083	PH	2.2941837e-08
17	3083	Other	0.9999999
17	3084	PC	1.4712832e-07
17	3084	PH	1.1470919e-08
17	3084	Other	0.9999999
17	3085	PC	2.2941837e-08
17	3085	PH	1.4949521e-07
17	3085	Other	0.9999999
17	3086	PC	7.924284e-08
17	3086	PH	7.924284e-08
17	3086	Other	0.9999999
17	3087	PC	4.5940087e-08
17	3087	PH	4.5940087e-08
17	3087	Other	0.9999999
17	3088	PC	4.6029616e-08
17	3088	PH	4.6029616e-08
17	3088	Other	0.9999999
17	3089	PC	8.426021e-08
17	3089	PH	0.0
17	3089	Other	0.9999999
17	3090	PC	0.0
17	3090	PH	1.3552159e-07
17	3090	Other	0.9999999
17	3091	PC	1.5400018e-07
17	3091	PH	1.1470919e-08
17	3091	Other	0.9999999
17	3092	PC	2.2941837e-08
17	3092	PH	1.4621472e-07
17	3092	Other	0.9999999
17	3093	PC	0.0
17	3093	PH	1.2627089e-07
17	3093	Other	0.9999999
17	3094	PC	4.5883674e-08
17	3094	PH	0.0590101
17	3094	Other	0.94098985
17	3095	PC	0.0
17	3095	PH	0.08762689
17	3095	Other	0.9123731
17	3096	PC	0.0
17	3096	PH	0.028616806
17	3096	Other	0.9713832
17	3097	PC	0.0
17	3097	PH	0.93652093
17	3097	Other	0.06347912
17	3098	PC	0.0
17	3098	PH	9.264178e-08
17	3098	Other	0.9999999
17	3099	PC	0.0
17	3099	PH	0.95310223
17	3099	Other	0.046897814
17	3100	PC	0.0
17	3100	PH	7.8771606e-08
17	3100	Other	0.9999999
17	3101	PC	0.22222224
17	3101	PH	0.7777778
17	3101	Other	0.0
17	3102	PC	7.475598e-05
17	3102	PH	0.06468624
17	3102	Other	0.935239
17	3103	PC	0.0
17	3103	PH	0.09268387
17	3103	Other	0.9073161
17	3104	PC	0.0
17	3104	PH	0.09335963
17	3104	Other	0.90664035
17	3105	PC	0.0
17	3105	PH	0.06543711
17	3105	Other	0.9345629
17	3106	PC	0.0
17	3106	PH	0.96551895
17	3106	Other	0.034481086
17	3107	PC	4.322239e-05
17	3107	PH	0.034697518
17	3107	Other	0.9652592
17	3108	PC	0.0
17	3108	PH	0.08166406
17	3108	Other	0.918336
17	3109	PC	0.0
17	3109	PH	0.08602046
17	3109	Other	0.9139796
17	3110	PC	0.0
17	3110	PH	0.09097147
17	3110	Other	0.90902853
17	3111	PC	0.0
17	3111	PH	0.051874213
17	3111	Other	0.9481257
17	3112	PC	1.2480666e-07
17	3112	PH	0.0
17	3112	Other	0.9999999
17	3113	PC	1.1470919e-08
17	3113	PH	1.5037294e-07
17	3113	Other	0.9999999
17	3114	PC	2.2941837e-08
17	3114	PH	1.434195e-07
17	3114	Other	0.9999999
17	3115	PC	6.764521e-08
17	3115	PH	0.0
17	3115	Other	0.9999999
17	3116	PC	1.4543023e-07
17	3116	PH	2.2941837e-08
17	3116	Other	0.9999999
17	3117	PC	1.498026e-07
17	3117	PH	0.0
17	3117	Other	0.9999999
17	3118	PC	1.2680911e-07
17	3118	PH	5.9211896e-16
17	3118	Other	0.9999999
17	3119	PC	4.603392e-08
17	3119	PH	4.603392e-08
17	3119	Other	0.9999999
17	3120	PC	0.0
17	3120	PH	9.2671975e-08
17	3120	Other	0.9999999
17	3121	PC	2.2941837e-08
17	3121	PH	1.508955e-07
17	3121	Other	0.9999999
17	3122	PC	2.690624e-08
17	3122	PH	0.0
17	3122	Other	1.0
