14	2452	PC	0.11393532
14	2452	PH	0.075502306
14	2452	Other	0.8105623
14	2453	PC	0.53778994
14	2453	PH	0.0
14	2453	Other	0.46221012
14	2454	PC	0.4889906
14	2454	PH	0.18708353
14	2454	Other	0.3239259
14	2455	PC	0.5014114
14	2455	PH	0.22343457
14	2455	Other	0.2751541
14	2456	PC	0.50201094
14	2456	PH	0.23913173
14	2456	Other	0.25885734
14	2457	PC	0.5030637
14	2457	PH	0.2436315
14	2457	Other	0.25330484
14	2458	PC	0.5028269
14	2458	PH	0.24547508
14	2458	Other	0.25169802
14	2459	PC	0.49815178
14	2459	PH	0.24902172
14	2459	Other	0.25282645
14	2460	PC	0.5035999
14	2460	PH	0.24631271
14	2460	Other	0.25008747
14	2461	PC	0.5034007
14	2461	PH	0.24637173
14	2461	Other	0.25022757
14	2462	PC	0.5033824
14	2462	PH	0.24638246
14	2462	Other	0.2502352
14	2463	PC	0.50332046
14	2463	PH	0.24641375
14	2463	Other	0.25026584
14	2464	PC	0.5024581
14	2464	PH	0.2468486
14	2464	Other	0.25069332
14	2465	PC	0.5023613
14	2465	PH	0.24690169
14	2465	Other	0.25073698
14	2466	PC	0.5033547
14	2466	PH	0.24640632
14	2466	Other	0.25023896
14	2467	PC	0.5024604
14	2467	PH	0.24684718
14	2467	Other	0.25069243
14	2468	PC	0.50235856
14	2468	PH	0.2469029
14	2468	Other	0.25073856
14	2469	PC	0.5034276
14	2469	PH	0.24636976
14	2469	Other	0.25020266
14	2470	PC	0.50338423
14	2470	PH	0.24638125
14	2470	Other	0.25023454
14	2471	PC	0.5033206
14	2471	PH	0.24641371
14	2471	Other	0.25026575
14	2472	PC	0.50245833
14	2472	PH	0.24684846
14	2472	Other	0.2506932
14	2473	PC	0.5023588
14	2473	PH	0.2469028
14	2473	Other	0.25073838
14	2474	PC	0.503428
14	2474	PH	0.24636963
14	2474	Other	0.25020242
14	2475	PC	0.50338894
14	2475	PH	0.24637899
14	2475	Other	0.2502321
14	2476	PC	0.5033862
14	2476	PH	0.24638064
14	2476	Other	0.25023317
14	2477	PC	0.50338596
14	2477	PH	0.24638076
14	2477	Other	0.2502333
14	2478	PC	0.5033859
14	2478	PH	0.24638079
14	2478	Other	0.25023335
14	2479	PC	0.5033856
14	2479	PH	0.24638095
14	2479	Other	0.25023347
14	2480	PC	0.5033813
14	2480	PH	0.24638312
14	2480	Other	0.25023556
14	2481	PC	0.50332034
14	2481	PH	0.24641386
14	2481	Other	0.25026587
14	2482	PC	0.50245816
14	2482	PH	0.24684876
14	2482	Other	0.25069314
14	2483	PC	0.502361
14	2483	PH	0.24690184
14	2483	Other	0.25073713
14	2484	PC	0.5033622
14	2484	PH	0.24640255
14	2484	Other	0.25023526
14	2485	PC	0.50255495
14	2485	PH	0.24679954
14	2485	Other	0.25064555
14	2486	PC	0.50221086
14	2486	PH	0.24696067
14	2486	Other	0.25082853
14	2487	PC	0.50218356
14	2487	PH	0.24693607
14	2487	Other	0.25088036
14	2488	PC	0.5025052
14	2488	PH	0.246724
14	2488	Other	0.2507709
14	2489	PC	0.50349766
14	2489	PH	0.24610469
14	2489	Other	0.25039762
14	2490	PC	0.503489
14	2490	PH	0.24555218
14	2490	Other	0.25095883
14	2491	PC	0.5036868
14	2491	PH	0.24396372
14	2491	Other	0.25234953
14	2492	PC	0.5044475
14	2492	PH	0.23935086
14	2492	Other	0.25620162
14	2493	PC	0.50562716
14	2493	PH	0.2260671
14	2493	Other	0.26830575
14	2494	PC	0.48953032
14	2494	PH	0.187174
14	2494	Other	0.3232957
14	2495	PC	0.13090956
14	2495	PH	0.09895093
14	2495	Other	0.77013946
14	2496	PC	0.043180194
14	2496	PH	0.039187394
14	2496	Other	0.91763246
14	2497	PC	0.02119773
14	2497	PH	0.020203153
14	2497	Other	0.9585991
14	2498	PC	0.03119945
14	2498	PH	0.020883422
14	2498	Other	0.9479171
14	2499	PC	0.14062603
14	2499	PH	0.0
14	2499	Other	0.859374
14	2500	PC	0.13991596
14	2500	PH	0.0
14	2500	Other	0.86008406
14	2501	PC	0.035742182
14	2501	PH	0.020316087
14	2501	Other	0.9439417
14	2502	PC	0.010333813
14	2502	PH	0.008612593
14	2502	Other	0.9810536
14	2503	PC	0.0033305185
14	2503	PH	0.0030858724
14	2503	Other	0.99358356
14	2504	PC	0.0011136265
14	2504	PH	0.001063482
14	2504	Other	0.9978229
14	2505	PC	0.00038054312
14	2505	PH	0.00036686703
14	2505	Other	0.99925256
14	2506	PC	0.00014285196
14	2506	PH	0.00013885999
14	2506	Other	0.9997183
14	2507	PC	9.036386e-05
14	2507	PH	8.871053e-05
14	2507	Other	0.99982095
14	2508	PC	0.0001159473
14	2508	PH	0.0001717727
14	2508	Other	0.9997122
14	2509	PC	0.00032508958
14	2509	PH	0.00038599354
14	2509	Other	0.9992889
14	2510	PC	0.0009001883
14	2510	PH	0.0010119033
14	2510	Other	0.9980879
14	2511	PC	0.0012186615
14	2511	PH	0.003985813
14	2511	Other	0.99479556
14	2512	PC	0.0074416334
14	2512	PH	0.0067461785
14	2512	Other	0.9858122
14	2513	PC	0.031228391
14	2513	PH	0.0074580577
14	2513	Other	0.9613136
14	2514	PC	0.043262143
14	2514	PH	0.062228613
14	2514	Other	0.8945093
14	2515	PC	0.0
14	2515	PH	0.3313104
14	2515	Other	0.6686897
14	2516	PC	0.0
14	2516	PH	0.34360412
14	2516	Other	0.6563959
14	2517	PC	0.070303455
14	2517	PH	0.1323353
14	2517	Other	0.7973612
14	2518	PC	0.0
14	2518	PH	0.3034488
14	2518	Other	0.6965512
14	2519	PC	0.047315393
14	2519	PH	0.07638058
14	2519	Other	0.87630403
14	2520	PC	0.019947072
14	2520	PH	0.022242706
14	2520	Other	0.9578103
14	2521	PC	0.0073774266
14	2521	PH	0.007431271
14	2521	Other	0.98519135
14	2522	PC	0.0032818217
14	2522	PH	0.0032200993
14	2522	Other	0.9934981
14	2523	PC	0.0032818152
14	2523	PH	0.0032866024
14	2523	Other	0.99343157
14	2524	PC	0.005048641
14	2524	PH	0.008769505
14	2524	Other	0.9861819
14	2525	PC	0.0217592
14	2525	PH	0.014419302
14	2525	Other	0.96382153
14	2526	PC	0.11268227
14	2526	PH	0.0
14	2526	Other	0.8873178
14	2527	PC	0.029169375
14	2527	PH	0.016814828
14	2527	Other	0.95401585
14	2528	PC	0.009473108
14	2528	PH	0.008111437
14	2528	Other	0.98241544
14	2529	PC	0.0061446438
14	2529	PH	0.0058357315
14	2529	Other	0.9880196
14	2530	PC	0.014198883
14	2530	PH	0.006144481
14	2530	Other	0.9796566
14	2531	PC	0.023015546
14	2531	PH	0.027937643
14	2531	Other	0.94904685
14	2532	PC	0.058224805
14	2532	PH	0.07905817
14	2532	Other	0.86271703
14	2533	PC	0.010704339
14	2533	PH	0.41098753
14	2533	Other	0.5783081
14	2534	PC	0.21321274
14	2534	PH	0.39698339
14	2534	Other	0.38980383
14	2535	PC	0.26228964
14	2535	PH	0.41268712
14	2535	Other	0.32502326
14	2536	PC	0.2825436
14	2536	PH	0.41374904
14	2536	Other	0.30370736
14	2537	PC	0.2881798
14	2537	PH	0.41540736
14	2537	Other	0.29641277
14	2538	PC	0.29043287
14	2538	PH	0.4155621
14	2538	Other	0.29400498
14	2539	PC	0.29107827
14	2539	PH	0.41573822
14	2539	Other	0.29318348
14	2540	PC	0.29132926
14	2540	PH	0.41575912
14	2540	Other	0.29291165
14	2541	PC	0.29140294
14	2541	PH	0.41577795
14	2541	Other	0.29281917
14	2542	PC	0.29143095
14	2542	PH	0.4157806
14	2542	Other	0.2927885
14	2543	PC	0.29143935
14	2543	PH	0.41578257
14	2543	Other	0.29277813
14	2544	PC	0.2914424
14	2544	PH	0.41578293
14	2544	Other	0.29277468
14	2545	PC	0.2914434
14	2545	PH	0.41578314
14	2545	Other	0.2927735
14	2546	PC	0.29144377
14	2546	PH	0.41578323
14	2546	Other	0.29277307
14	2547	PC	0.29144388
14	2547	PH	0.41578323
14	2547	Other	0.29277292
14	2548	PC	0.29144388
14	2548	PH	0.41578326
14	2548	Other	0.29277292
14	2549	PC	0.29144388
14	2549	PH	0.4157833
14	2549	Other	0.29277286
14	2550	PC	0.2914439
14	2550	PH	0.41578326
14	2550	Other	0.29277283
14	2551	PC	0.29144394
14	2551	PH	0.41578326
14	2551	Other	0.29277283
14	2552	PC	0.2914439
14	2552	PH	0.41578326
14	2552	Other	0.29277283
14	2553	PC	0.29144388
14	2553	PH	0.41578326
14	2553	Other	0.2927729
14	2554	PC	0.2914437
14	2554	PH	0.4157833
14	2554	Other	0.292773
14	2555	PC	0.29144326
14	2555	PH	0.41578335
14	2555	Other	0.29277343
14	2556	PC	0.29144186
14	2556	PH	0.41578364
14	2556	Other	0.29277447
14	2557	PC	0.29143792
14	2557	PH	0.41578394
14	2557	Other	0.29277807
14	2558	PC	0.2914261
14	2558	PH	0.41578662
14	2558	Other	0.2927873
14	2559	PC	0.2913915
14	2559	PH	0.41578883
14	2559	Other	0.29281968
14	2560	PC	0.29128742
14	2560	PH	0.4158139
14	2560	Other	0.2928987
14	2561	PC	0.290986
14	2561	PH	0.4158283
14	2561	Other	0.2931858
14	2562	PC	0.2900761
14	2562	PH	0.41606224
14	2562	Other	0.29386166
14	2563	PC	0.28745034
14	2563	PH	0.41613868
14	2563	Other	0.29641098
14	2564	PC	0.27949348
14	2564	PH	0.41097325
14	2564	Other	0.30953324
14	2565	PC	0.21004538
14	2565	PH	0.54719186
14	2565	Other	0.24276279
14	2566	PC	0.2859385
14	2566	PH	0.4253307
14	2566	Other	0.28873074
14	2567	PC	0.29080528
14	2567	PH	0.41652268
14	2567	Other	0.29267204
14	2568	PC	0.2905033
14	2568	PH	0.41594952
14	2568	Other	0.29354715
14	2569	PC	0.2890082
14	2569	PH	0.41622594
14	2569	Other	0.29476583
14	2570	PC	0.28441992
14	2570	PH	0.41652477
14	2570	Other	0.29905534
14	2571	PC	0.27053642
14	2571	PH	0.40859294
14	2571	Other	0.32087064
14	2572	PC	0.22237785
14	2572	PH	0.33495396
14	2572	Other	0.4426682
14	2573	PC	0.11165797
14	2573	PH	0.121632114
14	2573	Other	0.7667099
14	2574	PC	0.100696735
14	2574	PH	0.10837639
14	2574	Other	0.7909269
14	2575	PC	0.05019265
14	2575	PH	0.4127288
14	2575	Other	0.5370785
14	2576	PC	0.22482383
14	2576	PH	0.40016496
14	2576	Other	0.37501124
14	2577	PC	0.2700042
14	2577	PH	0.41197652
14	2577	Other	0.31801927
14	2578	PC	0.28585017
14	2578	PH	0.42006063
14	2578	Other	0.2940892
14	2579	PC	0.3617073
14	2579	PH	0.38623303
14	2579	Other	0.2520597
14	2580	PC	0.30044225
14	2580	PH	0.4046968
14	2580	Other	0.29486096
14	2581	PC	0.2918171
14	2581	PH	0.4156962
14	2581	Other	0.29248667
14	2582	PC	0.291285
14	2582	PH	0.41583318
14	2582	Other	0.2928818
14	2583	PC	0.29056478
14	2583	PH	0.4158581
14	2583	Other	0.29357708
14	2584	PC	0.288668
14	2584	PH	0.41637126
14	2584	Other	0.29496074
14	2585	PC	0.28330392
14	2585	PH	0.4162042
14	2585	Other	0.30049187
14	2586	PC	0.26686025
14	2586	PH	0.4018639
14	2586	Other	0.33127582
14	2587	PC	0.20627137
14	2587	PH	0.3178198
14	2587	Other	0.47590885
14	2588	PC	0.0847146
14	2588	PH	0.09330817
14	2588	Other	0.82197726
14	2589	PC	0.030176893
14	2589	PH	0.030270005
14	2589	Other	0.939553
14	2590	PC	0.010487454
14	2590	PH	0.010250797
14	2590	Other	0.97926176
14	2591	PC	0.0039347513
14	2591	PH	0.0038371466
14	2591	Other	0.99222803
14	2592	PC	0.0024369978
14	2592	PH	0.0023928236
14	2592	Other	0.9951701
14	2593	PC	0.004013115
14	2593	PH	0.0036047732
14	2593	Other	0.9923821
14	2594	PC	0.009368205
14	2594	PH	0.009368197
14	2594	Other	0.98126364
14	2595	PC	0.04097622
14	2595	PH	0.009368223
14	2595	Other	0.94965553
14	2596	PC	0.058079284
14	2596	PH	0.07892774
14	2596	Other	0.862993
14	2597	PC	0.010524304
14	2597	PH	0.410957
14	2597	Other	0.5785187
14	2598	PC	0.21306156
14	2598	PH	0.3969198
14	2598	Other	0.3900187
14	2599	PC	0.26171136
14	2599	PH	0.41278774
14	2599	Other	0.32550097
14	2600	PC	0.28182346
14	2600	PH	0.41298378
14	2600	Other	0.30519277
14	2601	PC	0.28287852
14	2601	PH	0.4166577
14	2601	Other	0.30046386
14	2602	PC	0.27618396
14	2602	PH	0.41473538
14	2602	Other	0.30908066
14	2603	PC	0.24742663
14	2603	PH	0.36205307
14	2603	Other	0.39052033
14	2604	PC	0.16283715
14	2604	PH	0.18196745
14	2604	Other	0.6551954
14	2605	PC	0.121933945
14	2605	PH	0.4160941
14	2605	Other	0.46197194
14	2606	PC	0.24304435
14	2606	PH	0.4048168
14	2606	Other	0.35213888
14	2607	PC	0.2689892
14	2607	PH	0.4126563
14	2607	Other	0.31835455
14	2608	PC	0.26879904
14	2608	PH	0.4115538
14	2608	Other	0.3196472
14	2609	PC	0.23395723
14	2609	PH	0.33822197
14	2609	Other	0.4278208
14	2610	PC	0.17421326
14	2610	PH	0.085522115
14	2610	Other	0.74026465
14	2611	PC	0.049763802
14	2611	PH	0.04017083
14	2611	Other	0.9100653
14	2612	PC	0.019085191
14	2612	PH	0.017886432
14	2612	Other	0.96302867
14	2613	PC	0.016027084
14	2613	PH	0.015752811
14	2613	Other	0.9682192
14	2614	PC	0.030055976
14	2614	PH	0.032096054
14	2614	Other	0.93784744
14	2615	PC	0.093841635
14	2615	PH	0.06669646
14	2615	Other	0.8394752
14	2616	PC	0.47487572
14	2616	PH	0.013471214
14	2616	Other	0.51163596
14	2617	PC	0.7222853
14	2617	PH	0.0
14	2617	Other	0.2776954
15	2618	PC	1.9813152e-07
15	2618	PH	2.118038e-07
15	2618	Other	0.9999996
15	2619	PC	2.2441819e-07
15	2619	PH	7.055264e-07
15	2619	Other	0.99999905
15	2620	PC	1.374279e-06
15	2620	PH	1.3875633e-06
15	2620	Other	0.9999974
15	2621	PC	1.4275356e-06
15	2621	PH	6.126069e-06
15	2621	Other	0.9999925
15	2622	PC	8.678957e-06
15	2622	PH	1.1794146e-05
15	2622	Other	0.9999795
15	2623	PC	3.0292927e-05
15	2623	PH	2.5597308e-05
15	2623	Other	0.9999442
15	2624	PC	7.727517e-05
15	2624	PH	7.5142685e-05
15	2624	Other	0.99984765
15	2625	PC	0.00020925365
15	2625	PH	0.0002063045
15	2625	Other	0.9995844
15	2626	PC	0.0005713912
15	2626	PH	0.0005620973
15	2626	Other	0.9988666
15	2627	PC	0.0015565053
15	2627	PH	0.0015342707
15	2627	Other	0.99690926
15	2628	PC	0.0041805482
15	2628	PH	0.004247513
15	2628	Other	0.9915719
15	2629	PC	0.0042475616
15	2629	PH	0.01873438
15	2629	Other	0.9770181
15	2630	PC	0.037876356
15	2630	PH	0.024791356
15	2630	Other	0.9373323
15	2631	PC	0.10277654
15	2631	PH	0.068107575
15	2631	Other	0.82911587
15	2632	PC	0.5348388
15	2632	PH	0.0
15	2632	Other	0.4651613
15	2633	PC	0.4891799
15	2633	PH	0.18596533
15	2633	Other	0.32485473
15	2634	PC	0.50129837
15	2634	PH	0.22322994
15	2634	Other	0.2754717
15	2635	PC	0.5020207
15	2635	PH	0.23906448
15	2635	Other	0.25891477
15	2636	PC	0.5030729
15	2636	PH	0.24373998
15	2636	Other	0.25318712
15	2637	PC	0.50324225
15	2637	PH	0.24550551
15	2637	Other	0.25125223
15	2638	PC	0.5033423
15	2638	PH	0.24605785
15	2638	Other	0.25059992
15	2639	PC	0.5032963
15	2639	PH	0.24628896
15	2639	Other	0.25041473
15	2640	PC	0.5024301
15	2640	PH	0.24686289
15	2640	Other	0.25070703
15	2641	PC	0.4897924
15	2641	PH	0.25004178
15	2641	Other	0.2601658
15	2642	PC	0.5052219
15	2642	PH	0.24022491
15	2642	Other	0.25455314
15	2643	PC	0.5018347
15	2643	PH	0.228836
15	2643	Other	0.26932937
15	2644	PC	0.4395907
15	2644	PH	0.19299173
15	2644	Other	0.36741757
15	2645	PC	0.11998746
15	2645	PH	0.09356501
15	2645	Other	0.7864475
15	2646	PC	0.037868842
15	2646	PH	0.034433767
15	2646	Other	0.9276974
15	2647	PC	0.012589061
15	2647	PH	0.011958949
15	2647	Other	0.97545207
15	2648	PC	0.0043210573
15	2648	PH	0.004161771
15	2648	Other	0.9915172
15	2649	PC	0.0017026402
15	2649	PH	0.0016599135
15	2649	Other	0.99663746
15	2650	PC	0.0012974124
15	2650	PH	0.001282455
15	2650	Other	0.9974202
15	2651	PC	0.0024102558
15	2651	PH	0.0023273532
15	2651	Other	0.99526227
15	2652	PC	0.006753556
15	2652	PH	0.005322738
15	2652	Other	0.9879237
15	2653	PC	0.008732472
15	2653	PH	0.023888428
15	2653	Other	0.96737903
15	2654	PC	0.03643293
15	2654	PH	0.05240543
15	2654	Other	0.9111617
15	2655	PC	0.0
15	2655	PH	0.27896944
15	2655	Other	0.72103053
15	2656	PC	0.043465048
15	2656	PH	0.07018833
15	2656	Other	0.8863466
15	2657	PC	0.018250087
15	2657	PH	0.020358015
15	2657	Other	0.9613918
15	2658	PC	0.0065241153
15	2658	PH	0.006567489
15	2658	Other	0.9869083
15	2659	PC	0.0022435575
15	2659	PH	0.0021934675
15	2659	Other	0.9955629
15	2660	PC	0.00076348195
15	2660	PH	0.00074025383
15	2660	Other	0.9984963
15	2661	PC	0.0002591673
15	2661	PH	0.00025069393
15	2661	Other	0.99949014
15	2662	PC	8.805234e-05
15	2662	PH	8.512724e-05
15	2662	Other	0.9998268
15	2663	PC	3.0309835e-05
15	2663	PH	2.9325807e-05
15	2663	Other	0.9999404
15	2664	PC	1.1485825e-05
15	2664	PH	1.11787185e-05
15	2664	Other	0.9999773
15	2665	PC	7.314626e-06
15	2665	PH	7.185109e-06
15	2665	Other	0.99998546
15	2666	PC	1.0059052e-05
15	2666	PH	1.3265673e-05
15	2666	Other	0.99997675
15	2667	PC	2.8915749e-05
15	2667	PH	2.890532e-05
15	2667	Other	0.99994224
15	2668	PC	0.00012628382
15	2668	PH	2.8906763e-05
15	2668	Other	0.99984473
15	2669	PC	0.0002443636
15	2669	PH	0.00017851323
15	2669	Other	0.99957716
15	2670	PC	0.00060176395
15	2670	PH	0.0005510056
15	2670	Other	0.99884725
15	2671	PC	0.0015739897
15	2671	PH	0.0015694258
15	2671	Other	0.9968567
15	2672	PC	0.0042465953
15	2672	PH	0.0043246774
15	2672	Other	0.99142873
15	2673	PC	0.012112552
15	2673	PH	0.011259766
15	2673	Other	0.97662765
15	2674	PC	0.049228843
15	2674	PH	0.0145035805
15	2674	Other	0.9362676
15	2675	PC	0.07127075
15	2675	PH	0.10251659
15	2675	Other	0.82621264
15	2676	PC	0.0
15	2676	PH	0.54580706
15	2676	Other	0.45419294
15	2677	PC	0.23794429
15	2677	PH	0.41624832
15	2677	Other	0.3458074
15	2678	PC	0.27607527
15	2678	PH	0.41234893
15	2678	Other	0.31157577
15	2679	PC	0.283782
15	2679	PH	0.41476208
15	2679	Other	0.30145591
15	2680	PC	0.28198242
15	2680	PH	0.41693884
15	2680	Other	0.30107877
15	2681	PC	0.26813394
15	2681	PH	0.4055281
15	2681	Other	0.32633793
15	2682	PC	0.21450125
15	2682	PH	0.32684714
15	2682	Other	0.4586516
15	2683	PC	0.09853821
15	2683	PH	0.1083702
15	2683	Other	0.79309154
15	2684	PC	0.06454787
15	2684	PH	0.07373757
15	2684	Other	0.8617146
15	2685	PC	0.0
15	2685	PH	0.28960076
15	2685	Other	0.71039927
15	2686	PC	0.045122612
15	2686	PH	0.0728642
15	2686	Other	0.8820132
15	2687	PC	0.018948378
15	2687	PH	0.021136725
15	2687	Other	0.9599149
15	2688	PC	0.0067808377
15	2688	PH	0.0068261516
15	2688	Other	0.9863931
15	2689	PC	0.0023527879
15	2689	PH	0.0023015756
15	2689	Other	0.99534565
15	2690	PC	0.00086277345
15	2690	PH	0.0008403144
15	2690	Other	0.998297
15	2691	PC	0.00047947743
15	2691	PH	0.00046863648
15	2691	Other	0.99905187
15	2692	PC	0.0005917884
15	2692	PH	0.0007531272
15	2692	Other	0.998655
15	2693	PC	0.0007531665
15	2693	PH	0.0024593545
15	2693	Other	0.9967874
15	2694	PC	0.0025106075
15	2694	PH	0.0060826414
15	2694	Other	0.9914067
15	2695	PC	0.012395216
15	2695	PH	0.010976453
15	2695	Other	0.9766283
15	2696	PC	0.037625644
15	2696	PH	0.026082715
15	2696	Other	0.9362917
15	2697	PC	0.071240485
15	2697	PH	0.102473065
15	2697	Other	0.82628644
15	2698	PC	0.0
15	2698	PH	0.5455722
15	2698	Other	0.45442787
15	2699	PC	0.23688239
15	2699	PH	0.416018
15	2699	Other	0.34709966
15	2700	PC	0.27240717
15	2700	PH	0.41200456
15	2700	Other	0.31558824
15	2701	PC	0.27558193
15	2701	PH	0.41080934
15	2701	Other	0.3136087
15	2702	PC	0.20283833
15	2702	PH	0.5573151
15	2702	Other	0.23984657
15	2703	PC	0.28551662
15	2703	PH	0.4260624
15	2703	Other	0.28842092
15	2704	PC	0.29101202
15	2704	PH	0.4165328
15	2704	Other	0.2924552
15	2705	PC	0.29119825
15	2705	PH	0.41587496
15	2705	Other	0.2929268
15	2706	PC	0.29092473
15	2706	PH	0.41583747
15	2706	Other	0.29323775
15	2707	PC	0.28996396
15	2707	PH	0.41608375
15	2707	Other	0.29395232
15	2708	PC	0.28714564
15	2708	PH	0.41616702
15	2708	Other	0.29668736
15	2709	PC	0.27859038
15	2709	PH	0.41062212
15	2709	Other	0.31078747
15	2710	PC	0.20402214
15	2710	PH	0.55687916
15	2710	Other	0.2390987
15	2711	PC	0.27139574
15	2711	PH	0.42273414
15	2711	Other	0.30587018
15	2712	PC	0.20475632
15	2712	PH	0.55664885
15	2712	Other	0.23859487
15	2713	PC	0.2600304
15	2713	PH	0.41927516
15	2713	Other	0.32069445
15	2714	PC	0.16633373
15	2714	PH	0.5667502
15	2714	Other	0.2669161
15	2715	PC	0.057149068
15	2715	PH	0.37051827
15	2715	Other	0.57233274
15	2716	PC	0.06171071
15	2716	PH	0.09858134
15	2716	Other	0.839708
15	2717	PC	0.13966098
15	2717	PH	0.0
15	2717	Other	0.86033905
15	2718	PC	0.035677038
15	2718	PH	0.020279054
15	2718	Other	0.9440439
15	2719	PC	0.010314762
15	2719	PH	0.008596672
15	2719	Other	0.9810885
15	2720	PC	0.0033238635
15	2720	PH	0.0030796407
15	2720	Other	0.99359643
15	2721	PC	0.0011098093
15	2721	PH	0.0010596912
15	2721	Other	0.99783045
15	2722	PC	0.00037454918
15	2722	PH	0.00036071878
15	2722	Other	0.9992647
15	2723	PC	0.00012686788
15	2723	PH	0.00012248581
15	2723	Other	0.9997506
15	2724	PC	4.3065218e-05
15	2724	PH	4.160974e-05
15	2724	Other	0.99991524
15	2725	PC	1.4696177e-05
15	2725	PH	1.420557e-05
15	2725	Other	0.9999711
15	2726	PC	5.0474423e-06
15	2726	PH	4.8813795e-06
15	2726	Other	0.9999901
15	2727	PC	1.7994936e-06
15	2727	PH	1.7438998e-06
15	2727	Other	0.9999964
15	2728	PC	7.4069897e-07
15	2728	PH	7.234357e-07
15	2728	Other	0.9999985
15	2729	PC	5.2867074e-07
15	2729	PH	5.2140746e-07
15	2729	Other	0.999999
15	2730	PC	8.0809446e-07
15	2730	PH	8.464003e-07
15	2730	Other	0.99999833
15	2731	PC	2.0147877e-06
15	2731	PH	2.003328e-06
15	2731	Other	0.999996
15	2732	PC	5.489838e-06
15	2732	PH	5.3234808e-06
15	2732	Other	0.99998915
15	2733	PC	1.4768466e-05
15	2733	PH	1.4762503e-05
15	2733	Other	0.99997056
15	2734	PC	6.515856e-05
15	2734	PH	1.4773562e-05
15	2734	Other	0.9999201
15	2735	PC	0.00011477561
15	2735	PH	0.00010289408
15	2735	Other	0.9997822
15	2736	PC	0.0002967822
15	2736	PH	0.00029704938
15	2736	Other	0.99940616
15	2737	PC	0.00029708902
15	2737	PH	0.0013221904
15	2737	Other	0.99838066
15	2738	PC	0.0021696975
15	2738	PH	0.002246257
15	2738	Other	0.99558413
15	2739	PC	0.009185393
15	2739	PH	0.0028557233
15	2739	Other	0.9879589
15	2740	PC	0.017850852
15	2740	PH	0.014983002
15	2740	Other	0.9671662
15	2741	PC	0.036717467
15	2741	PH	0.052814737
15	2741	Other	0.9104678
15	2742	PC	0.0
15	2742	PH	0.28119037
15	2742	Other	0.7188097
15	2743	PC	0.049575776
15	2743	PH	0.076277666
15	2743	Other	0.8741466
15	2744	PC	0.032926045
15	2744	PH	0.037552286
15	2744	Other	0.92952156
15	2745	PC	0.04114846
15	2745	PH	0.059188344
15	2745	Other	0.8996632
15	2746	PC	0.0
15	2746	PH	0.28144157
15	2746	Other	0.7185585
15	2747	PC	0.043850325
15	2747	PH	0.07081041
15	2747	Other	0.88533926
15	2748	PC	0.018411884
15	2748	PH	0.020538492
15	2748	Other	0.9610497
15	2749	PC	0.006581987
15	2749	PH	0.006625744
15	2749	Other	0.9867923
15	2750	PC	0.002263481
15	2750	PH	0.0022129468
15	2750	Other	0.9955236
15	2751	PC	0.0007702654
15	2751	PH	0.00074683
15	2751	Other	0.99848294
15	2752	PC	0.00026138438
15	2752	PH	0.00025283388
15	2752	Other	0.99948573
15	2753	PC	8.869365e-05
15	2753	PH	8.573774e-05
15	2753	Other	0.9998256
15	2754	PC	3.0160967e-05
15	2754	PH	2.9153465e-05
15	2754	Other	0.99994063
15	2755	PC	1.0292164e-05
15	2755	PH	9.950211e-06
15	2755	Other	0.99997973
15	2756	PC	3.5835214e-06
15	2756	PH	3.4680977e-06
15	2756	Other	0.99999297
15	2757	PC	1.3423835e-06
15	2757	PH	1.3029626e-06
15	2757	Other	0.9999974
15	2758	PC	5.2101217e-07
15	2758	PH	5.07549e-07
15	2758	Other	0.99999905
15	2759	PC	2.8568428e-07
15	2759	PH	2.8148852e-07
15	2759	Other	0.99999946
15	2760	PC	2.0779446e-07
15	2760	PH	2.0623423e-07
15	2760	Other	0.99999964
15	2761	PC	1.6380639e-07
15	2761	PH	1.6312025e-07
15	2761	Other	0.99999964
15	2762	PC	1.5261666e-07
15	2762	PH	1.5199609e-07
15	2762	Other	0.9999997
15	2763	PC	1.1139755e-07
15	2763	PH	1.1053082e-07
15	2763	Other	0.99999976
15	2764	PC	6.548603e-08
15	2764	PH	6.479083e-08
15	2764	Other	0.9999998
15	2765	PC	3.806378e-08
15	2765	PH	3.7638554e-08
15	2765	Other	0.9999999
15	2766	PC	2.232338e-08
15	2766	PH	2.2028065e-08
15	2766	Other	0.9999999
15	2767	PC	2.827465e-08
15	2767	PH	2.8015473e-08
15	2767	Other	0.9999999
15	2768	PC	2.3031072e-08
15	2768	PH	2.2854364e-08
15	2768	Other	0.9999999
15	2769	PC	3.5096228e-08
15	2769	PH	3.4889005e-08
15	2769	Other	0.9999999
15	2770	PC	2.8997441e-08
15	2770	PH	2.87362e-08
15	2770	Other	0.9999999
15	2771	PC	6.478471e-08
15	2771	PH	6.346835e-08
15	2771	Other	0.9999999
15	2772	PC	2.5674325e-09
15	2772	PH	1.8791522e-09
15	2772	Other	0.99999994
15	2773	PC	0.0
15	2773	PH	0.0
15	2773	Other	0.99999994
15	2774	PC	8.653745e-22
15	2774	PH	4.0727422000000003e-22
15	2774	Other	1.0
15	2775	PC	0.0
15	2775	PH	0.0
15	2775	Other	0.99999994
15	2776	PC	8.596741e-08
15	2776	PH	8.574322e-08
15	2776	Other	0.9999999
15	2777	PC	1.16196354e-07
15	2777	PH	1.14805054e-07
15	2777	Other	0.9999999
15	2778	PC	5.547925e-08
15	2778	PH	5.445337e-08
15	2778	Other	0.9999999
15	2779	PC	2.5056337e-08
15	2779	PH	2.4335304e-08
15	2779	Other	0.9999999
15	2780	PC	3.05629e-08
15	2780	PH	2.9964617e-08
15	2780	Other	0.99999994
15	2781	PC	0.0
15	2781	PH	0.0
15	2781	Other	1.0
15	2782	PC	5.065991000000001e-22
15	2782	PH	2.3467476000000003e-22
15	2782	Other	1.0
15	2783	PC	0.0
15	2783	PH	0.0
15	2783	Other	0.99999994
15	2784	PC	0.0
15	2784	PH	0.0
15	2784	Other	0.99999994
15	2785	PC	0.0
15	2785	PH	0.0
15	2785	Other	0.99999994
15	2786	PC	0.0
15	2786	PH	0.0
15	2786	Other	0.99999994
15	2787	PC	4.6664834e-08
15	2787	PH	4.5767724e-08
15	2787	Other	0.9999999
15	2788	PC	0.0
15	2788	PH	0.0
15	2788	Other	0.99999994
15	2789	PC	1.1035376e-07
15	2789	PH	1.10176366e-07
15	2789	Other	0.9999999
15	2790	PC	9.063992e-08
15	2790	PH	9.049254e-08
15	2790	Other	0.9999999
15	2791	PC	1.0469336e-07
15	2791	PH	1.0449567e-07
15	2791	Other	0.9999999
15	2792	PC	8.4815824e-08
15	2792	PH	8.460582e-08
15	2792	Other	0.9999999
15	2793	PC	1.7542034e-07
15	2793	PH	1.7559252e-07
15	2793	Other	0.9999997
15	2794	PC	4.4118758e-07
15	2794	PH	4.458679e-07
15	2794	Other	0.99999905
15	2795	PC	5.270474e-07
15	2795	PH	2.0036227e-06
15	2795	Other	0.9999975
15	2796	PC	2.5825395e-06
15	2796	PH	4.453083e-06
15	2796	Other	0.999993
15	2797	PC	8.1034705e-06
15	2797	PH	1.09250395e-05
15	2797	Other	0.99998105
15	2798	PC	2.5874138e-05
15	2798	PH	2.5882866e-05
15	2798	Other	0.99994826
15	2799	PC	2.593158e-05
15	2799	PH	0.00011491215
15	2799	Other	0.9998592
15	2800	PC	0.0001941005
15	2800	PH	0.00018987017
15	2800	Other	0.9996161
15	2801	PC	0.0008508823
15	2801	PH	0.0001959021
15	2801	Other	0.99895316
15	2802	PC	0.0016483555
15	2802	PH	0.0012062058
15	2802	Other	0.9971454
15	2803	PC	0.0041222502
15	2803	PH	0.003661591
15	2803	Other	0.9922162
15	2804	PC	0.01096058
15	2804	PH	0.010264891
15	2804	Other	0.97877467
15	2805	PC	0.034810167
15	2805	PH	0.023067884
15	2805	Other	0.942122
15	2806	PC	0.18114874
15	2806	PH	0.0
15	2806	Other	0.8188513
16	2807	PC	2.6194373e-08
16	2807	PH	2.5441393e-08
16	2807	Other	0.9999999
16	2808	PC	5.2345317e-08
16	2808	PH	5.121501e-08
16	2808	Other	0.9999999
16	2809	PC	0.0
16	2809	PH	0.0
16	2809	Other	1.0
16	2810	PC	0.0
16	2810	PH	0.0
16	2810	Other	0.99999994
16	2811	PC	1.531744e-07
16	2811	PH	3.3219004e-07
16	2811	Other	0.99999964
16	2812	PC	5.018271e-07
16	2812	PH	5.0816845e-07
16	2812	Other	0.999999
16	2813	PC	5.081681e-07
16	2813	PH	2.0843588e-06
16	2813	Other	0.9999974
16	2814	PC	3.452202e-06
16	2814	PH	4.1099843e-06
16	2814	Other	0.9999925
16	2815	PC	1.0136976e-05
16	2815	PH	1.0440296e-05
16	2815	Other	0.9999795
16	2816	PC	2.9782726e-05
16	2816	PH	2.6476157e-05
16	2816	Other	0.99994385
16	2817	PC	7.6647506e-05
16	2817	PH	7.66195e-05
16	2817	Other	0.9998468
16	2818	PC	0.00034111735
16	2818	PH	7.66719e-05
16	2818	Other	0.9995822
16	2819	PC	0.0006814928
16	2819	PH	0.00045759612
16	2819	Other	0.99886084
16	2820	PC	0.0016712567
16	2820	PH	0.0014350362
16	2820	Other	0.99689376
16	2821	PC	0.0037192802
16	2821	PH	0.0047508245
16	2821	Other	0.99152994
16	2822	PC	0.0066136243
16	2822	PH	0.01648287
16	2822	Other	0.97690344
16	2823	PC	0.046275277
16	2823	PH	0.016705213
16	2823	Other	0.93701947
16	2824	PC	0.10328959
16	2824	PH	0.06844758
16	2824	Other	0.82826287
16	2825	PC	0.5375086
16	2825	PH	0.0
16	2825	Other	0.46249142
16	2826	PC	0.4776668
16	2826	PH	0.19584315
16	2826	Other	0.32649007
16	2827	PC	0.50247633
16	2827	PH	0.22164486
16	2827	Other	0.2758788
16	2828	PC	0.5012469
16	2828	PH	0.2392028
16	2828	Other	0.2595503
16	2829	PC	0.49974748
16	2829	PH	0.24587357
16	2829	Other	0.25437894
16	2830	PC	0.5033815
16	2830	PH	0.24505584
16	2830	Other	0.25156265
16	2831	PC	0.501173
16	2831	PH	0.24742442
16	2831	Other	0.25140256
16	2832	PC	0.502517
16	2832	PH	0.24678797
16	2832	Other	0.25069505
16	2833	PC	0.5016384
16	2833	PH	0.24726757
16	2833	Other	0.25109404
16	2834	PC	0.48982626
16	2834	PH	0.2525133
16	2834	Other	0.25766042
16	2835	PC	0.50276387
16	2835	PH	0.24608147
16	2835	Other	0.2511547
16	2836	PC	0.4899016
16	2836	PH	0.25250232
16	2836	Other	0.25759614
16	2837	PC	0.5027567
16	2837	PH	0.24615495
16	2837	Other	0.25108838
16	2838	PC	0.5023099
16	2838	PH	0.24682355
16	2838	Other	0.2508666
16	2839	PC	0.5033574
16	2839	PH	0.24634308
16	2839	Other	0.2502995
16	2840	PC	0.5024675
16	2840	PH	0.24684365
16	2840	Other	0.2506888
16	2841	PC	0.502282
16	2841	PH	0.24694386
16	2841	Other	0.25077415
16	2842	PC	0.5005361
16	2842	PH	0.24782498
16	2842	Other	0.25163895
16	2843	PC	0.5024667
16	2843	PH	0.24686517
16	2843	Other	0.2506682
16	2844	PC	0.50236046
16	2844	PH	0.24690215
16	2844	Other	0.25073737
16	2845	PC	0.50335485
16	2845	PH	0.24640624
16	2845	Other	0.25023896
16	2846	PC	0.5024609
16	2846	PH	0.24684708
16	2846	Other	0.25069207
16	2847	PC	0.5023534
16	2847	PH	0.24690786
16	2847	Other	0.25073868
16	2848	PC	0.501722
16	2848	PH	0.2472128
16	2848	Other	0.25106522
16	2849	PC	0.50260305
16	2849	PH	0.24676535
16	2849	Other	0.25063163
16	2850	PC	0.5020828
16	2850	PH	0.24671705
16	2850	Other	0.25120008
16	2851	PC	0.5025364
16	2851	PH	0.24623337
16	2851	Other	0.25123024
16	2852	PC	0.50211793
16	2852	PH	0.24496827
16	2852	Other	0.25291383
16	2853	PC	0.5034279
16	2853	PH	0.2409553
16	2853	Other	0.25561684
16	2854	PC	0.50183505
16	2854	PH	0.22971232
16	2854	Other	0.26845258
16	2855	PC	0.44327104
16	2855	PH	0.19516686
16	2855	Other	0.36156213
16	2856	PC	0.13976203
16	2856	PH	0.090209454
16	2856	Other	0.7700286
16	2857	PC	0.17117389
16	2857	PH	0.0
16	2857	Other	0.82882607
16	2858	PC	0.14798838
16	2858	PH	0.0
16	2858	Other	0.8520117
16	2859	PC	0.037806936
16	2859	PH	0.021491326
16	2859	Other	0.9407017
16	2860	PC	0.010937739
16	2860	PH	0.0091175195
16	2860	Other	0.9799447
16	2861	PC	0.003545303
16	2861	PH	0.0032872558
16	2861	Other	0.9931674
16	2862	PC	0.0012450423
16	2862	PH	0.0011931666
16	2862	Other	0.9975618
16	2863	PC	0.00060547085
16	2863	PH	0.0005847302
16	2863	Other	0.9988098
16	2864	PC	0.0008287452
16	2864	PH	0.00060547824
16	2864	Other	0.9985658
16	2865	PC	0.0015974886
16	2865	PH	0.00164918
16	2865	Other	0.99675333
16	2866	PC	0.0016857297
16	2866	PH	0.006924002
16	2866	Other	0.9913902
16	2867	PC	0.011922482
16	2867	PH	0.011465666
16	2867	Other	0.9766118
16	2868	PC	0.05166199
16	2868	PH	0.012081069
16	2868	Other	0.9362569
16	2869	PC	0.07127788
16	2869	PH	0.102526724
16	2869	Other	0.82619536
16	2870	PC	0.0
16	2870	PH	0.5458572
16	2870	Other	0.45414287
16	2871	PC	0.23816898
16	2871	PH	0.41629797
16	2871	Other	0.34553307
16	2872	PC	0.2768424
16	2872	PH	0.41243315
16	2872	Other	0.3107245
16	2873	PC	0.285936
16	2873	PH	0.41517878
16	2873	Other	0.2988852
16	2874	PC	0.28947645
16	2874	PH	0.41525382
16	2874	Other	0.29526976
16	2875	PC	0.2892514
16	2875	PH	0.4161659
16	2875	Other	0.29458272
16	2876	PC	0.286907
16	2876	PH	0.41619927
16	2876	Other	0.29689378
16	2877	PC	0.2785153
16	2877	PH	0.4106349
16	2877	Other	0.31084976
16	2878	PC	0.20388246
16	2878	PH	0.5570825
16	2878	Other	0.23903511
16	2879	PC	0.28192353
16	2879	PH	0.42631355
16	2879	Other	0.29176295
16	2880	PC	0.27707538
16	2880	PH	0.41179675
16	2880	Other	0.3111279
16	2881	PC	0.20367245
16	2881	PH	0.55712456
16	2881	Other	0.23920305
16	2882	PC	0.2855246
16	2882	PH	0.42604834
16	2882	Other	0.2884271
16	2883	PC	0.2910141
16	2883	PH	0.41652873
16	2883	Other	0.2924572
16	2884	PC	0.29141277
16	2884	PH	0.41583744
16	2884	Other	0.29274985
16	2885	PC	0.29143953
16	2885	PH	0.41578758
16	2885	Other	0.29277295
16	2886	PC	0.2914367
16	2886	PH	0.41578442
16	2886	Other	0.2927789
16	2887	PC	0.29142445
16	2887	PH	0.4157868
16	2887	Other	0.29278874
16	2888	PC	0.29138738
16	2888	PH	0.41578937
16	2888	Other	0.2928232
16	2889	PC	0.29127556
16	2889	PH	0.41581607
16	2889	Other	0.29290834
16	2890	PC	0.29095137
16	2890	PH	0.4158318
16	2890	Other	0.29321685
16	2891	PC	0.2899728
16	2891	PH	0.41608298
16	2891	Other	0.29394424
16	2892	PC	0.2871486
16	2892	PH	0.41616657
16	2892	Other	0.2966849
16	2893	PC	0.27859113
16	2893	PH	0.41062194
16	2893	Other	0.31078693
16	2894	PC	0.2040227
16	2894	PH	0.5568785
16	2894	Other	0.23909874
16	2895	PC	0.2713518
16	2895	PH	0.42272222
16	2895	Other	0.3059259
16	2896	PC	0.2045116
16	2896	PH	0.5570394
16	2896	Other	0.23844896
16	2897	PC	0.2819246
16	2897	PH	0.42631054
16	2897	Other	0.29176491
16	2898	PC	0.2770755
16	2898	PH	0.41179633
16	2898	Other	0.3111282
16	2899	PC	0.2036708
16	2899	PH	0.55712724
16	2899	Other	0.23920195
16	2900	PC	0.28550225
16	2900	PH	0.42609298
16	2900	Other	0.28840482
16	2901	PC	0.28790683
16	2901	PH	0.41707408
16	2901	Other	0.2950191
16	2902	PC	0.28394613
16	2902	PH	0.41659734
16	2902	Other	0.2994565
16	2903	PC	0.27008522
16	2903	PH	0.4087242
16	2903	Other	0.3211906
16	2904	PC	0.22141129
16	2904	PH	0.33579016
16	2904	Other	0.44279855
16	2905	PC	0.10323691
16	2905	PH	0.12996638
16	2905	Other	0.7667967
16	2906	PC	0.0
16	2906	PH	0.31000742
16	2906	Other	0.68999267
16	2907	PC	0.04830107
16	2907	PH	0.07799755
16	2907	Other	0.87370133
16	2908	PC	0.020280635
16	2908	PH	0.02262309
16	2908	Other	0.95709634
16	2909	PC	0.0072500366
16	2909	PH	0.0072982367
16	2909	Other	0.9854517
16	2910	PC	0.0024932376
16	2910	PH	0.0024375743
16	2910	Other	0.99506915
16	2911	PC	0.0008484582
16	2911	PH	0.0008226439
16	2911	Other	0.9983289
16	2912	PC	0.00028790842
16	2912	PH	0.00027848978
16	2912	Other	0.99943364
16	2913	PC	9.767993e-05
16	2913	PH	9.442357e-05
16	2913	Other	0.99980795
16	2914	PC	3.3175478e-05
16	2914	PH	3.2065505e-05
16	2914	Other	0.9999348
16	2915	PC	1.1303154e-05
16	2915	PH	1.0926087e-05
16	2915	Other	0.9999777
16	2916	PC	3.8700073e-06
16	2916	PH	3.7421173e-06
16	2916	Other	0.9999924
16	2917	PC	1.3625735e-06
16	2917	PH	1.3196665e-06
16	2917	Other	0.99999726
16	2918	PC	5.492593e-07
16	2918	PH	5.3463936e-07
16	2918	Other	0.9999988
16	2919	PC	2.3304449e-07
16	2919	PH	2.2812665e-07
16	2919	Other	0.9999995
16	2920	PC	1.703134e-07
16	2920	PH	1.686311e-07
16	2920	Other	0.99999964
16	2921	PC	1.7957164e-07
16	2921	PH	1.7899399e-07
16	2921	Other	0.99999964
16	2922	PC	1.4667334e-07
16	2922	PH	1.4634176e-07
16	2922	Other	0.99999976
16	2923	PC	1.3395908e-07
16	2923	PH	1.338483e-07
16	2923	Other	0.99999976
16	2924	PC	1.7349274e-07
16	2924	PH	1.7332174e-07
16	2924	Other	0.9999995
16	2925	PC	5.4626526e-07
16	2925	PH	5.300691e-07
16	2925	Other	0.9999989
16	2926	PC	1.4401107e-06
16	2926	PH	1.3814956e-06
16	2926	Other	0.99999726
16	2927	PC	4.2567276e-06
16	2927	PH	3.3399047e-06
16	2927	Other	0.9999924
16	2928	PC	1.4748818e-05
16	2928	PH	6.030769e-06
16	2928	Other	0.99997914
16	2929	PC	3.6768208e-05
16	2929	PH	1.9990694e-05
16	2929	Other	0.9999432
16	2930	PC	0.000118157506
16	2930	PH	3.6790574e-05
16	2930	Other	0.999845
16	2931	PC	0.00025983885
16	2931	PH	0.00016291901
16	2931	Other	0.9995773
16	2932	PC	0.00065268663
16	2932	PH	0.0005000376
16	2932	Other	0.99884725
16	2933	PC	0.0019649856
16	2933	PH	0.0011784357
16	2933	Other	0.99685645
16	2934	PC	0.0045185825
16	2934	PH	0.004053586
16	2934	Other	0.9914279
16	2935	PC	0.0047480324
16	2935	PH	0.018626679
16	2935	Other	0.9766253
16	2936	PC	0.024728086
16	2936	PH	0.039010532
16	2936	Other	0.93626136
16	2937	PC	0.07127781
16	2937	PH	0.10252644
16	2937	Other	0.8261957
16	2938	PC	0.0
16	2938	PH	0.54586005
16	2938	Other	0.45413995
16	2939	PC	0.23818219
16	2939	PH	0.41630143
16	2939	Other	0.34551644
16	2940	PC	0.27688205
16	2940	PH	0.41244492
16	2940	Other	0.3106731
16	2941	PC	0.28609505
16	2941	PH	0.4151701
16	2941	Other	0.29873478
16	2942	PC	0.2897792
16	2942	PH	0.41541877
16	2942	Other	0.294802
16	2943	PC	0.2908145
16	2943	PH	0.41570473
16	2943	Other	0.29348078
16	2944	PC	0.2911642
16	2944	PH	0.41572982
16	2944	Other	0.29310602
16	2945	PC	0.2910672
16	2945	PH	0.4158661
16	2945	Other	0.29306674
16	2946	PC	0.29053992
16	2946	PH	0.41586238
16	2946	Other	0.2935977
16	2947	PC	0.2888048
16	2947	PH	0.4163515
16	2947	Other	0.29484367
16	2948	PC	0.2837797
16	2948	PH	0.41631335
16	2948	Other	0.2999069
16	2949	PC	0.26841676
16	2949	PH	0.40469828
16	2949	Other	0.32688493
16	2950	PC	0.21307719
16	2950	PH	0.3250354
16	2950	Other	0.4618874
16	2951	PC	0.09618898
16	2951	PH	0.10514658
16	2951	Other	0.79866445
16	2952	PC	0.06104296
16	2952	PH	0.06207782
16	2952	Other	0.8768792
16	2953	PC	0.07847507
16	2953	PH	0.11287932
16	2953	Other	0.8086456
16	2954	PC	0.0
16	2954	PH	0.5480329
16	2954	Other	0.45196718
16	2955	PC	0.24903263
16	2955	PH	0.40469605
16	2955	Other	0.34627134
16	2956	PC	0.19127686
16	2956	PH	0.5598495
16	2956	Other	0.24887362
16	2957	PC	0.25682533
16	2957	PH	0.42214698
16	2957	Other	0.32102776
16	2958	PC	0.18706538
16	2958	PH	0.51907027
16	2958	Other	0.29386437
16	2959	PC	0.10566098
16	2959	PH	0.13477601
16	2959	Other	0.75956297
16	2960	PC	0.039885093
16	2960	PH	0.04169822
16	2960	Other	0.9184167
16	2961	PC	0.013909151
16	2961	PH	0.0137459
16	2961	Other	0.972345
16	2962	PC	0.004751237
16	2962	PH	0.004620826
16	2962	Other	0.990628
16	2963	PC	0.0016137224
16	2963	PH	0.0015622806
16	2963	Other	0.996824
16	2964	PC	0.00054722803
16	2964	PH	0.0005290968
16	2964	Other	0.99892366
16	2965	PC	0.0001855558
16	2965	PH	0.0001793446
16	2965	Other	0.9996351
16	2966	PC	6.2967905e-05
16	2966	PH	6.085648e-05
16	2966	Other	0.99987614
16	2967	PC	2.1407921e-05
16	2967	PH	2.0691836e-05
16	2967	Other	0.9999579
16	2968	PC	7.345211e-06
16	2968	PH	7.1024338e-06
16	2968	Other	0.9999856
16	2969	PC	2.554323e-06
16	2969	PH	2.4719143e-06
16	2969	Other	0.999995
16	2970	PC	9.3283717e-07
16	2970	PH	9.046795e-07
16	2970	Other	0.9999982
16	2971	PC	3.471063e-07
16	2971	PH	3.3746517e-07
16	2971	Other	0.9999993
16	2972	PC	1.7189595e-07
16	2972	PH	1.6856767e-07
16	2972	Other	0.99999964
16	2973	PC	9.916055e-08
16	2973	PH	9.732955e-08
16	2973	Other	0.99999976
16	2974	PC	1.3356149e-07
16	2974	PH	1.3350314e-07
16	2974	Other	0.99999976
16	2975	PC	1.3341669e-07
16	2975	PH	1.3336361e-07
16	2975	Other	0.99999976
16	2976	PC	2.1446795e-07
16	2976	PH	2.1433493e-07
16	2976	Other	0.99999964
16	2977	PC	4.5066827e-07
16	2977	PH	4.4135152e-07
16	2977	Other	0.99999917
16	2978	PC	1.2203336e-06
16	2978	PH	1.1511681e-06
16	2978	Other	0.9999976
16	2979	PC	5.089536e-06
16	2979	PH	1.2898658e-06
16	2979	Other	0.9999937
16	2980	PC	8.743935e-06
16	2980	PH	8.725369e-06
16	2980	Other	0.9999826
16	2981	PC	3.8743936e-05
16	2981	PH	8.756434e-06
16	2981	Other	0.99995255
16	2982	PC	7.24866e-05
16	2982	PH	5.6948695e-05
16	2982	Other	0.99987054
16	2983	PC	0.0001763343
16	2983	PH	0.00017632531
16	2983	Other	0.99964726
16	2984	PC	0.00078551617
16	2984	PH	0.00017643867
16	2984	Other	0.9990381
16	2985	PC	0.0017940095
16	2985	PH	0.00082903984
16	2985	Other	0.99737704
16	2986	PC	0.0049405904
16	2986	PH	0.0022118876
16	2986	Other	0.99284756
16	2987	PC	0.008873303
16	2987	PH	0.010630305
16	2987	Other	0.9804964
16	2988	PC	0.017700797
16	2988	PH	0.03548236
16	2988	Other	0.9468168
16	2989	PC	0.066684365
16	2989	PH	0.078336775
16	2989	Other	0.85497886
16	2990	PC	0.040105253
16	2990	PH	0.38216308
16	2990	Other	0.5777316
16	2991	PC	0.09248232
16	2991	PH	0.55339175
16	2991	Other	0.35412592
16	2992	PC	0.264254
16	2992	PH	0.421887
16	2992	Other	0.313859
16	2993	PC	0.27747095
16	2993	PH	0.41595238
16	2993	Other	0.30657667
16	2994	PC	0.26531863
16	2994	PH	0.40289968
16	2994	Other	0.3317817
16	2995	PC	0.20759198
16	2995	PH	0.31987292
16	2995	Other	0.47253507
16	2996	PC	0.087809406
16	2996	PH	0.09656549
16	2996	Other	0.8156251
16	2997	PC	0.038808327
16	2997	PH	0.03915627
16	2997	Other	0.92203534
16	2998	PC	0.03599943
16	2998	PH	0.036014367
16	2998	Other	0.92798615
16	2999	PC	0.062499393
16	2999	PH	0.0832163
16	2999	Other	0.8542843
16	3000	PC	0.015244535
16	3000	PH	0.41120532
16	3000	Other	0.5735501
16	3001	PC	0.21450555
16	3001	PH	0.39730993
16	3001	Other	0.38818455
16	3002	PC	0.26277938
16	3002	PH	0.4127346
16	3002	Other	0.324486
16	3003	PC	0.2826907
16	3003	PH	0.41378438
16	3003	Other	0.30352497
16	3004	PC	0.2882346
16	3004	PH	0.41541314
16	3004	Other	0.29635227
16	3005	PC	0.29044932
16	3005	PH	0.41556603
16	3005	Other	0.2939847
16	3006	PC	0.29108423
16	3006	PH	0.41573888
16	3006	Other	0.29317692
16	3007	PC	0.2913308
16	3007	PH	0.41575968
16	3007	Other	0.29290956
16	3008	PC	0.2914034
16	3008	PH	0.41577798
16	3008	Other	0.29281864
16	3009	PC	0.29143065
16	3009	PH	0.41578072
16	3009	Other	0.2927886
16	3010	PC	0.29143882
16	3010	PH	0.41578236
16	3010	Other	0.29277885
16	3011	PC	0.2914397
16	3011	PH	0.4157834
16	3011	Other	0.29277688
16	3012	PC	0.29143608
16	3012	PH	0.41578466
16	3012	Other	0.2927792
16	3013	PC	0.29142267
16	3013	PH	0.4157861
16	3013	Other	0.2927912
16	3014	PC	0.29138154
16	3014	PH	0.41579366
16	3014	Other	0.29282483
16	3015	PC	0.29126057
16	3015	PH	0.41580713
16	3015	Other	0.29293236
16	3016	PC	0.29089987
16	3016	PH	0.41587573
16	3016	Other	0.2932244
16	3017	PC	0.28984344
16	3017	PH	0.41598582
16	3017	Other	0.29417074
16	3018	PC	0.28669235
16	3018	PH	0.41660878
16	3018	Other	0.29669887
16	3019	PC	0.2774799
16	3019	PH	0.41453376
16	3019	Other	0.30798635
16	3020	PC	0.24787423
16	3020	PH	0.36209184
16	3020	Other	0.3900339
16	3021	PC	0.16320923
16	3021	PH	0.18223225
16	3021	Other	0.65455854
16	3022	PC	0.12271833
16	3022	PH	0.41638437
16	3022	Other	0.4608973
16	3023	PC	0.24511243
16	3023	PH	0.4050418
16	3023	Other	0.3498458
16	3024	PC	0.2743749
16	3024	PH	0.4138611
16	3024	Other	0.31176397
16	3025	PC	0.2861781
16	3025	PH	0.41461694
16	3025	Other	0.29920495
16	3026	PC	0.2895314
16	3026	PH	0.41555238
16	3026	Other	0.2949162
16	3027	PC	0.2908457
16	3027	PH	0.4156561
16	3027	Other	0.2934982
16	3028	PC	0.2912283
16	3028	PH	0.41575557
16	3028	Other	0.2930161
16	3029	PC	0.29137227
16	3029	PH	0.41576892
16	3029	Other	0.29285878
16	3030	PC	0.2914094
16	3030	PH	0.41577795
16	3030	Other	0.2928127
16	3031	PC	0.2913987
16	3031	PH	0.41579294
16	3031	Other	0.2928084
16	3032	PC	0.2913357
16	3032	PH	0.41579378
16	3032	Other	0.29287046
16	3033	PC	0.2911287
16	3033	PH	0.4158472
16	3033	Other	0.29302412
16	3034	PC	0.2905258
16	3034	PH	0.4158663
16	3034	Other	0.2936079
16	3035	PC	0.28869775
16	3035	PH	0.41636616
16	3035	Other	0.29493612
16	3036	PC	0.2834405
16	3036	PH	0.41623688
16	3036	Other	0.30032265
16	3037	PC	0.26731762
16	3037	PH	0.40269732
16	3037	Other	0.32998502
16	3038	PC	0.2082749
16	3038	PH	0.3199394
16	3038	Other	0.4717857
16	3039	PC	0.088111654
16	3039	PH	0.09676667
16	3039	Other	0.81512165
16	3040	PC	0.039487876
16	3040	PH	0.03938554
16	3040	Other	0.9211266
16	3041	PC	0.041774377
16	3041	PH	0.03501597
16	3041	Other	0.92320967
16	3042	PC	0.18875612
16	3042	PH	0.0
16	3042	Other	0.81124383
17	3043	PC	1.1769738e-05
17	3043	PH	1.1775766e-05
17	3043	Other	0.9999765
17	3044	PC	1.1795214e-05
17	3044	PH	4.5368077e-05
17	3044	Other	0.99994284
17	3045	PC	4.827324e-05
17	3045	PH	0.000105250285
17	3045	Other	0.99984646
17	3046	PC	0.00019486558
17	3046	PH	0.00022290538
17	3046	Other	0.9995822
17	3047	PC	0.00056955696
17	3047	PH	0.0005695365
17	3047	Other	0.9988609
17	3048	PC	0.0025367893
17	3048	PH	0.00056955626
17	3048	Other	0.99689364
17	3049	PC	0.004255099
17	3049	PH	0.004215176
17	3049	Other	0.99152976
17	3050	PC	0.01884168
17	3050	PH	0.004255157
17	3050	Other	0.9769032
17	3051	PC	0.034536283
17	3051	PH	0.028444728
17	3051	Other	0.937019
17	3052	PC	0.103290424
17	3052	PH	0.06844811
17	3052	Other	0.82826144
17	3053	PC	0.53751314
17	3053	PH	0.0
17	3053	Other	0.46248683
17	3054	PC	0.4776435
17	3054	PH	0.19589922
17	3054	Other	0.3264573
17	3055	PC	0.5026757
17	3055	PH	0.22156626
17	3055	Other	0.27575803
17	3056	PC	0.50088906
17	3056	PH	0.23979875
17	3056	Other	0.25931218
17	3057	PC	0.5025618
17	3057	PH	0.24397828
17	3057	Other	0.25345996
17	3058	PC	0.503245
17	3058	PH	0.245317
17	3058	Other	0.25143802
17	3059	PC	0.502425
17	3059	PH	0.2466182
17	3059	Other	0.25095683
17	3060	PC	0.50234973
17	3060	PH	0.24683999
17	3060	Other	0.25081033
17	3061	PC	0.5033716
17	3061	PH	0.2463576
17	3061	Other	0.25027078
17	3062	PC	0.50266874
17	3062	PH	0.24674223
17	3062	Other	0.250589
17	3063	PC	0.50197726
17	3063	PH	0.24709453
17	3063	Other	0.25092816
17	3064	PC	0.50266796
17	3064	PH	0.24675027
17	3064	Other	0.2505818
17	3065	PC	0.5033586
17	3065	PH	0.2464041
17	3065	Other	0.25023735
17	3066	PC	0.502668
17	3066	PH	0.24674264
17	3066	Other	0.25058934
17	3067	PC	0.50197744
17	3067	PH	0.24709451
17	3067	Other	0.2509281
17	3068	PC	0.5026683
17	3068	PH	0.24675009
17	3068	Other	0.2505816
17	3069	PC	0.50334764
17	3069	PH	0.24640952
17	3069	Other	0.25024283
17	3070	PC	0.50252974
17	3070	PH	0.24681246
17	3070	Other	0.2506578
17	3071	PC	0.5015863
17	3071	PH	0.24729396
17	3071	Other	0.25111976
17	3072	PC	0.488912
17	3072	PH	0.25086936
17	3072	Other	0.26021868
17	3073	PC	0.5043748
17	3073	PH	0.24128945
17	3073	Other	0.25433576
17	3074	PC	0.49260244
17	3074	PH	0.23124751
17	3074	Other	0.27615002
17	3075	PC	0.4387753
17	3075	PH	0.19375107
17	3075	Other	0.36747363
17	3076	PC	0.11990143
17	3076	PH	0.09363107
17	3076	Other	0.78646755
17	3077	PC	0.037849084
17	3077	PH	0.034428366
17	3077	Other	0.9277226
17	3078	PC	0.012556624
17	3078	PH	0.01192682
17	3078	Other	0.97551656
17	3079	PC	0.004228948
17	3079	PH	0.0040666596
17	3079	Other	0.99170434
17	3080	PC	0.0014306675
17	3080	PH	0.0013806174
17	3080	Other	0.9971887
17	3081	PC	0.000484977
17	3081	PH	0.0004685068
17	3081	Other	0.9990465
17	3082	PC	0.0001654328
17	3082	PH	0.00015993038
17	3082	Other	0.9996746
17	3083	PC	5.917989e-05
17	3083	PH	5.7375182e-05
17	3083	Other	0.9998834
17	3084	PC	2.9219349e-05
17	3084	PH	2.8362902e-05
17	3084	Other	0.9999424
17	3085	PC	2.9229033e-05
17	3085	PH	4.1107898e-05
17	3085	Other	0.99992967
17	3086	PC	7.990101e-05
17	3086	PH	8.002505e-05
17	3086	Other	0.99984
17	3087	PC	0.00026618678
17	3087	PH	0.00015838552
17	3087	Other	0.9995755
17	3088	PC	0.00057660305
17	3088	PH	0.00057660864
17	3088	Other	0.9988467
17	3089	PC	0.0005766945
17	3089	PH	0.002566729
17	3089	Other	0.9968566
17	3090	PC	0.0041340883
17	3090	PH	0.004436878
17	3090	Other	0.991429
17	3091	PC	0.004733298
17	3091	PH	0.018638102
17	3091	Other	0.97662866
17	3092	PC	0.019370181
17	3092	PH	0.04435947
17	3092	Other	0.93627036
17	3093	PC	0.07126781
17	3093	PH	0.1025123
17	3093	Other	0.8262199
17	3094	PC	0.0
17	3094	PH	0.54578424
17	3094	Other	0.45421582
17	3095	PC	0.23785569
17	3095	PH	0.41621482
17	3095	Other	0.3459295
17	3096	PC	0.27591038
17	3096	PH	0.4121438
17	3096	Other	0.31194583
17	3097	PC	0.2928553
17	3097	PH	0.40469262
17	3097	Other	0.30245206
17	3098	PC	0.28878874
17	3098	PH	0.41645527
17	3098	Other	0.294756
17	3099	PC	0.28937343
17	3099	PH	0.41610986
17	3099	Other	0.29451668
17	3100	PC	0.28695056
17	3100	PH	0.4162021
17	3100	Other	0.29684734
17	3101	PC	0.2785428
17	3101	PH	0.41063964
17	3101	Other	0.31081754
17	3102	PC	0.20400925
17	3102	PH	0.55688214
17	3102	Other	0.2391086
17	3103	PC	0.27137393
17	3103	PH	0.42272854
17	3103	Other	0.3058976
17	3104	PC	0.20463552
17	3104	PH	0.5568417
17	3104	Other	0.23852287
17	3105	PC	0.27152592
17	3105	PH	0.42276585
17	3105	Other	0.30570817
17	3106	PC	0.20547463
17	3106	PH	0.5555018
17	3106	Other	0.23902352
17	3107	PC	0.28197515
17	3107	PH	0.42620116
17	3107	Other	0.29182363
17	3108	PC	0.27710843
17	3108	PH	0.41179222
17	3108	Other	0.31109938
17	3109	PC	0.20380428
17	3109	PH	0.55691487
17	3109	Other	0.23928091
17	3110	PC	0.25757942
17	3110	PH	0.4218701
17	3110	Other	0.32055044
17	3111	PC	0.18780462
17	3111	PH	0.5196685
17	3111	Other	0.29252684
17	3112	PC	0.10776904
17	3112	PH	0.13690163
17	3112	Other	0.75532925
17	3113	PC	0.04629904
17	3113	PH	0.047873415
17	3113	Other	0.9058275
17	3114	PC	0.03456198
17	3114	PH	0.030236317
17	3114	Other	0.93520176
17	3115	PC	0.13763526
17	3115	PH	0.0
17	3115	Other	0.86236465
17	3116	PC	0.06951104
17	3116	PH	0.068259075
17	3116	Other	0.8622298
17	3117	PC	0.0
17	3117	PH	0.28996357
17	3117	Other	0.71003646
17	3118	PC	0.04653209
17	3118	PH	0.07419509
17	3118	Other	0.8792728
17	3119	PC	0.02253659
17	3119	PH	0.024833307
17	3119	Other	0.95263004
17	3120	PC	0.017251873
17	3120	PH	0.017582396
17	3120	Other	0.96516573
17	3121	PC	0.03745527
17	3121	PH	0.02482073
17	3121	Other	0.93772393
17	3122	PC	0.18291779
17	3122	PH	0.0
17	3122	Other	0.8170823
