14	2452	PC	0.11393531
14	2452	PH	0.07550233
14	2452	Other	0.8105623
14	2453	PC	0.53778994
14	2453	PH	0.0
14	2453	Other	0.46221012
14	2454	PC	0.4889906
14	2454	PH	0.18708348
14	2454	Other	0.32392597
14	2455	PC	0.5014113
14	2455	PH	0.22343451
14	2455	Other	0.2751542
14	2456	PC	0.5020108
14	2456	PH	0.23913184
14	2456	Other	0.2588574
14	2457	PC	0.5030636
14	2457	PH	0.24363157
14	2457	Other	0.25330484
14	2458	PC	0.5028269
14	2458	PH	0.2454751
14	2458	Other	0.25169802
14	2459	PC	0.49815172
14	2459	PH	0.24902178
14	2459	Other	0.25282654
14	2460	PC	0.5035999
14	2460	PH	0.24631268
14	2460	Other	0.25008744
14	2461	PC	0.50340074
14	2461	PH	0.24637178
14	2461	Other	0.2502275
14	2462	PC	0.5033823
14	2462	PH	0.24638249
14	2462	Other	0.25023514
14	2463	PC	0.5033204
14	2463	PH	0.24641386
14	2463	Other	0.25026572
14	2464	PC	0.5024581
14	2464	PH	0.24684867
14	2464	Other	0.25069323
14	2465	PC	0.5023613
14	2465	PH	0.24690166
14	2465	Other	0.25073707
14	2466	PC	0.5033547
14	2466	PH	0.24640626
14	2466	Other	0.25023907
14	2467	PC	0.50246036
14	2467	PH	0.24684727
14	2467	Other	0.25069237
14	2468	PC	0.50235856
14	2468	PH	0.2469029
14	2468	Other	0.2507385
14	2469	PC	0.50342757
14	2469	PH	0.24636981
14	2469	Other	0.25020266
14	2470	PC	0.5033843
14	2470	PH	0.2463812
14	2470	Other	0.25023454
14	2471	PC	0.5033206
14	2471	PH	0.24641372
14	2471	Other	0.25026572
14	2472	PC	0.50245833
14	2472	PH	0.24684863
14	2472	Other	0.25069302
14	2473	PC	0.5023588
14	2473	PH	0.24690293
14	2473	Other	0.25073826
14	2474	PC	0.5034279
14	2474	PH	0.24636976
14	2474	Other	0.2502023
14	2475	PC	0.5033889
14	2475	PH	0.24637902
14	2475	Other	0.25023216
14	2476	PC	0.50338614
14	2476	PH	0.24638063
14	2476	Other	0.25023323
14	2477	PC	0.50338596
14	2477	PH	0.24638078
14	2477	Other	0.2502333
14	2478	PC	0.50338596
14	2478	PH	0.24638078
14	2478	Other	0.2502333
14	2479	PC	0.50338566
14	2479	PH	0.24638095
14	2479	Other	0.25023347
14	2480	PC	0.5033814
14	2480	PH	0.246383
14	2480	Other	0.25023562
14	2481	PC	0.50332034
14	2481	PH	0.24641375
14	2481	Other	0.25026596
14	2482	PC	0.5024582
14	2482	PH	0.24684851
14	2482	Other	0.25069326
14	2483	PC	0.50236106
14	2483	PH	0.24690175
14	2483	Other	0.25073722
14	2484	PC	0.50336224
14	2484	PH	0.24640246
14	2484	Other	0.25023532
14	2485	PC	0.502555
14	2485	PH	0.24679947
14	2485	Other	0.25064555
14	2486	PC	0.50221086
14	2486	PH	0.24696061
14	2486	Other	0.2508286
14	2487	PC	0.50218356
14	2487	PH	0.24693605
14	2487	Other	0.25088042
14	2488	PC	0.50250524
14	2488	PH	0.24672389
14	2488	Other	0.25077087
14	2489	PC	0.5034977
14	2489	PH	0.2461046
14	2489	Other	0.25039768
14	2490	PC	0.503489
14	2490	PH	0.24555212
14	2490	Other	0.25095892
14	2491	PC	0.5036868
14	2491	PH	0.24396364
14	2491	Other	0.25234956
14	2492	PC	0.50444746
14	2492	PH	0.23935084
14	2492	Other	0.25620174
14	2493	PC	0.50562716
14	2493	PH	0.22606713
14	2493	Other	0.26830572
14	2494	PC	0.48953032
14	2494	PH	0.18717402
14	2494	Other	0.32329565
14	2495	PC	0.13090958
14	2495	PH	0.098950945
14	2495	Other	0.77013946
14	2496	PC	0.043180156
14	2496	PH	0.03918735
14	2496	Other	0.91763246
14	2497	PC	0.02119767
14	2497	PH	0.020203076
14	2497	Other	0.9585992
14	2498	PC	0.031199416
14	2498	PH	0.020883389
14	2498	Other	0.94791716
14	2499	PC	0.14062597
14	2499	PH	0.0
14	2499	Other	0.85937405
14	2500	PC	0.13991596
14	2500	PH	0.0
14	2500	Other	0.86008406
14	2501	PC	0.03574224
14	2501	PH	0.020316143
14	2501	Other	0.9439416
14	2502	PC	0.010333832
14	2502	PH	0.008612612
14	2502	Other	0.9810535
14	2503	PC	0.003330529
14	2503	PH	0.0030858826
14	2503	Other	0.9935835
14	2504	PC	0.0011136265
14	2504	PH	0.0010634819
14	2504	Other	0.9978229
14	2505	PC	0.00038053704
14	2505	PH	0.0003668609
14	2505	Other	0.99925256
14	2506	PC	0.00014284397
14	2506	PH	0.00013885203
14	2506	Other	0.9997183
14	2507	PC	9.0355694e-05
14	2507	PH	8.870235e-05
14	2507	Other	0.99982095
14	2508	PC	0.00016839895
14	2508	PH	0.00011930356
14	2508	Other	0.9997122
14	2509	PC	0.0002813013
14	2509	PH	0.00042986064
14	2509	Other	0.9992889
14	2510	PC	0.0006413673
14	2510	PH	0.0012706551
14	2510	Other	0.9980879
14	2511	PC	0.0015167111
14	2511	PH	0.0036875762
14	2511	Other	0.99479574
14	2512	PC	0.0073878737
14	2512	PH	0.0067998013
14	2512	Other	0.9858123
14	2513	PC	0.009363633
14	2513	PH	0.029322712
14	2513	Other	0.9613137
14	2514	PC	0.04326208
14	2514	PH	0.062228546
14	2514	Other	0.8945093
14	2515	PC	0.0
14	2515	PH	0.3313104
14	2515	Other	0.6686897
14	2516	PC	0.0
14	2516	PH	0.34360415
14	2516	Other	0.6563959
14	2517	PC	0.07030351
14	2517	PH	0.13233536
14	2517	Other	0.79736114
14	2518	PC	0.0
14	2518	PH	0.30344886
14	2518	Other	0.6965511
14	2519	PC	0.047315437
14	2519	PH	0.07638061
14	2519	Other	0.8763039
14	2520	PC	0.01994713
14	2520	PH	0.022242762
14	2520	Other	0.95781016
14	2521	PC	0.007377487
14	2521	PH	0.0074313325
14	2521	Other	0.9851912
14	2522	PC	0.0032819167
14	2522	PH	0.0032201905
14	2522	Other	0.99349797
14	2523	PC	0.0032854374
14	2523	PH	0.0032831563
14	2523	Other	0.9934315
14	2524	PC	0.0066957204
14	2524	PH	0.0071223695
14	2524	Other	0.9861819
14	2525	PC	0.021759272
14	2525	PH	0.014419361
14	2525	Other	0.9638214
14	2526	PC	0.1126824
14	2526	PH	0.0
14	2526	Other	0.8873176
14	2527	PC	0.02916954
14	2527	PH	0.016814996
14	2527	Other	0.9540154
14	2528	PC	0.009473212
14	2528	PH	0.008111532
14	2528	Other	0.9824152
14	2529	PC	0.006144762
14	2529	PH	0.0058357688
14	2529	Other	0.98801935
14	2530	PC	0.0065153157
14	2530	PH	0.013828137
14	2530	Other	0.97965646
14	2531	PC	0.022343159
14	2531	PH	0.028609956
14	2531	Other	0.94904685
14	2532	PC	0.05822481
14	2532	PH	0.07905814
14	2532	Other	0.86271703
14	2533	PC	0.010704405
14	2533	PH	0.41098753
14	2533	Other	0.5783081
14	2534	PC	0.21321279
14	2534	PH	0.39698339
14	2534	Other	0.38980383
14	2535	PC	0.26228952
14	2535	PH	0.41268718
14	2535	Other	0.32502323
14	2536	PC	0.28254372
14	2536	PH	0.41374898
14	2536	Other	0.3037073
14	2537	PC	0.28817976
14	2537	PH	0.41540745
14	2537	Other	0.29641277
14	2538	PC	0.29043302
14	2538	PH	0.41556197
14	2538	Other	0.29400504
14	2539	PC	0.29107812
14	2539	PH	0.41573837
14	2539	Other	0.29318348
14	2540	PC	0.29132926
14	2540	PH	0.41575906
14	2540	Other	0.2929117
14	2541	PC	0.29140276
14	2541	PH	0.41577798
14	2541	Other	0.2928192
14	2542	PC	0.29143083
14	2542	PH	0.4157806
14	2542	Other	0.29278854
14	2543	PC	0.29143924
14	2543	PH	0.4157827
14	2543	Other	0.2927781
14	2544	PC	0.29144245
14	2544	PH	0.41578293
14	2544	Other	0.29277465
14	2545	PC	0.29144347
14	2545	PH	0.41578317
14	2545	Other	0.29277343
14	2546	PC	0.2914437
14	2546	PH	0.41578323
14	2546	Other	0.29277307
14	2547	PC	0.29144385
14	2547	PH	0.41578323
14	2547	Other	0.29277292
14	2548	PC	0.2914439
14	2548	PH	0.41578326
14	2548	Other	0.29277286
14	2549	PC	0.29144394
14	2549	PH	0.41578323
14	2549	Other	0.29277283
14	2550	PC	0.29144394
14	2550	PH	0.41578323
14	2550	Other	0.29277283
14	2551	PC	0.29144397
14	2551	PH	0.4157833
14	2551	Other	0.2927728
14	2552	PC	0.29144397
14	2552	PH	0.41578326
14	2552	Other	0.2927728
14	2553	PC	0.29144394
14	2553	PH	0.41578326
14	2553	Other	0.29277283
14	2554	PC	0.2914438
14	2554	PH	0.4157833
14	2554	Other	0.29277298
14	2555	PC	0.29144335
14	2555	PH	0.41578332
14	2555	Other	0.29277337
14	2556	PC	0.29144195
14	2556	PH	0.41578364
14	2556	Other	0.29277444
14	2557	PC	0.29143798
14	2557	PH	0.41578394
14	2557	Other	0.29277813
14	2558	PC	0.2914261
14	2558	PH	0.41578665
14	2558	Other	0.2927873
14	2559	PC	0.29139152
14	2559	PH	0.41578883
14	2559	Other	0.29281968
14	2560	PC	0.29128742
14	2560	PH	0.4158139
14	2560	Other	0.29289874
14	2561	PC	0.29098597
14	2561	PH	0.4158283
14	2561	Other	0.2931858
14	2562	PC	0.2900761
14	2562	PH	0.41606224
14	2562	Other	0.2938617
14	2563	PC	0.28745034
14	2563	PH	0.41613865
14	2563	Other	0.29641107
14	2564	PC	0.2794935
14	2564	PH	0.41097322
14	2564	Other	0.30953333
14	2565	PC	0.21004534
14	2565	PH	0.5471919
14	2565	Other	0.24276277
14	2566	PC	0.28593886
14	2566	PH	0.4253307
14	2566	Other	0.28873044
14	2567	PC	0.29080525
14	2567	PH	0.41652268
14	2567	Other	0.29267204
14	2568	PC	0.29050326
14	2568	PH	0.41594952
14	2568	Other	0.2935472
14	2569	PC	0.2890082
14	2569	PH	0.41622597
14	2569	Other	0.2947659
14	2570	PC	0.28441992
14	2570	PH	0.4165248
14	2570	Other	0.29905528
14	2571	PC	0.27053642
14	2571	PH	0.408593
14	2571	Other	0.32087055
14	2572	PC	0.22237788
14	2572	PH	0.33495402
14	2572	Other	0.44266808
14	2573	PC	0.111658
14	2573	PH	0.121632144
14	2573	Other	0.7667098
14	2574	PC	0.1006967
14	2574	PH	0.10837637
14	2574	Other	0.79092693
14	2575	PC	0.05019258
14	2575	PH	0.4127288
14	2575	Other	0.5370786
14	2576	PC	0.22482382
14	2576	PH	0.40016496
14	2576	Other	0.37501124
14	2577	PC	0.27000418
14	2577	PH	0.41197655
14	2577	Other	0.31801927
14	2578	PC	0.28585017
14	2578	PH	0.42006063
14	2578	Other	0.2940892
14	2579	PC	0.36170727
14	2579	PH	0.38623303
14	2579	Other	0.2520597
14	2580	PC	0.30044225
14	2580	PH	0.40469676
14	2580	Other	0.29486096
14	2581	PC	0.29181707
14	2581	PH	0.4156962
14	2581	Other	0.29248673
14	2582	PC	0.291285
14	2582	PH	0.41583315
14	2582	Other	0.2928819
14	2583	PC	0.29056478
14	2583	PH	0.41585812
14	2583	Other	0.29357708
14	2584	PC	0.28866798
14	2584	PH	0.41637123
14	2584	Other	0.2949608
14	2585	PC	0.28330386
14	2585	PH	0.4162042
14	2585	Other	0.30049193
14	2586	PC	0.26686022
14	2586	PH	0.40186393
14	2586	Other	0.33127588
14	2587	PC	0.20627135
14	2587	PH	0.31781977
14	2587	Other	0.47590888
14	2588	PC	0.084714524
14	2588	PH	0.0933081
14	2588	Other	0.8219774
14	2589	PC	0.030176848
14	2589	PH	0.030269954
14	2589	Other	0.93955314
14	2590	PC	0.010487409
14	2590	PH	0.01025075
14	2590	Other	0.9792618
14	2591	PC	0.003934653
14	2591	PH	0.003837051
14	2591	Other	0.99222827
14	2592	PC	0.0024369545
14	2592	PH	0.00239281
14	2592	Other	0.99517024
14	2593	PC	0.0051809624
14	2593	PH	0.0024368807
14	2593	Other	0.9923821
14	2594	PC	0.010611676
14	2594	PH	0.008124724
14	2594	Other	0.9812636
14	2595	PC	0.039732717
14	2595	PH	0.010611712
14	2595	Other	0.94965553
14	2596	PC	0.058079205
14	2596	PH	0.07892771
14	2596	Other	0.8629931
14	2597	PC	0.010524253
14	2597	PH	0.41095704
14	2597	Other	0.57851875
14	2598	PC	0.21306156
14	2598	PH	0.39691973
14	2598	Other	0.3900187
14	2599	PC	0.26171136
14	2599	PH	0.41278774
14	2599	Other	0.32550097
14	2600	PC	0.28182346
14	2600	PH	0.41298378
14	2600	Other	0.30519277
14	2601	PC	0.2828785
14	2601	PH	0.4166577
14	2601	Other	0.3004638
14	2602	PC	0.27618396
14	2602	PH	0.41473538
14	2602	Other	0.30908066
14	2603	PC	0.24742661
14	2603	PH	0.36205304
14	2603	Other	0.39052033
14	2604	PC	0.16283712
14	2604	PH	0.18196741
14	2604	Other	0.6551955
14	2605	PC	0.12193393
14	2605	PH	0.41609406
14	2605	Other	0.461972
14	2606	PC	0.2430443
14	2606	PH	0.40481687
14	2606	Other	0.35213885
14	2607	PC	0.2689892
14	2607	PH	0.4126563
14	2607	Other	0.31835446
14	2608	PC	0.26879907
14	2608	PH	0.41155392
14	2608	Other	0.31964698
14	2609	PC	0.2339574
14	2609	PH	0.33822215
14	2609	Other	0.42782044
14	2610	PC	0.1742135
14	2610	PH	0.08552238
14	2610	Other	0.74026406
14	2611	PC	0.049764495
14	2611	PH	0.040171538
14	2611	Other	0.91006386
14	2612	PC	0.019086922
14	2612	PH	0.017888213
14	2612	Other	0.9630251
14	2613	PC	0.016031804
14	2613	PH	0.0157576
14	2613	Other	0.96820945
14	2614	PC	0.032817047
14	2614	PH	0.029360464
14	2614	Other	0.9378218
14	2615	PC	0.093861476
14	2615	PH	0.06675472
14	2615	Other	0.8394003
14	2616	PC	0.47486293
14	2616	PH	0.013617866
14	2616	Other	0.5115022
14	2617	PC	0.72279686
14	2617	PH	0.0
14	2617	Other	0.2771634
15	2618	PC	1.9564061e-07
15	2618	PH	1.9273641e-07
15	2618	Other	0.9999996
15	2619	PC	7.172232e-07
15	2619	PH	1.9243052e-07
15	2619	Other	0.999999
15	2620	PC	1.3864238e-06
15	2620	PH	1.3625096e-06
15	2620	Other	0.9999974
15	2621	PC	6.1181545e-06
15	2621	PH	1.4255606e-06
15	2621	Other	0.9999925
15	2622	PC	1.1472439e-05
15	2622	PH	9.092883e-06
15	2622	Other	0.9999795
15	2623	PC	2.712598e-05
15	2623	PH	2.8770344e-05
15	2623	Other	0.9999441
15	2624	PC	7.6399025e-05
15	2624	PH	7.599948e-05
15	2624	Other	0.9998476
15	2625	PC	0.00020930337
15	2625	PH	0.00020634293
15	2625	Other	0.9995844
15	2626	PC	0.00057512044
15	2626	PH	0.00055834546
15	2626	Other	0.99886656
15	2627	PC	0.0015777003
15	2627	PH	0.0015131669
15	2627	Other	0.99690914
15	2628	PC	0.0068437876
15	2628	PH	0.0015842796
15	2628	Other	0.9915719
15	2629	PC	0.009437708
15	2629	PH	0.013544085
15	2629	Other	0.9770181
15	2630	PC	0.048665512
15	2630	PH	0.014002166
15	2630	Other	0.9373323
15	2631	PC	0.10277654
15	2631	PH	0.068107545
15	2631	Other	0.82911587
15	2632	PC	0.53483874
15	2632	PH	0.0
15	2632	Other	0.46516132
15	2633	PC	0.48917988
15	2633	PH	0.1859654
15	2633	Other	0.3248547
15	2634	PC	0.5012984
15	2634	PH	0.22322991
15	2634	Other	0.27547163
15	2635	PC	0.5020206
15	2635	PH	0.23906478
15	2635	Other	0.25891468
15	2636	PC	0.503073
15	2636	PH	0.24374007
15	2636	Other	0.253187
15	2637	PC	0.50324214
15	2637	PH	0.24550585
15	2637	Other	0.25125206
15	2638	PC	0.50334215
15	2638	PH	0.24605812
15	2638	Other	0.25059974
15	2639	PC	0.50329626
15	2639	PH	0.24628925
15	2639	Other	0.25041455
15	2640	PC	0.50242996
15	2640	PH	0.24686311
15	2640	Other	0.2507069
15	2641	PC	0.48979238
15	2641	PH	0.25004178
15	2641	Other	0.2601658
15	2642	PC	0.5052219
15	2642	PH	0.2402249
15	2642	Other	0.2545532
15	2643	PC	0.50183475
15	2643	PH	0.22883593
15	2643	Other	0.2693293
15	2644	PC	0.4395907
15	2644	PH	0.1929917
15	2644	Other	0.3674176
15	2645	PC	0.11998746
15	2645	PH	0.093565
15	2645	Other	0.7864475
15	2646	PC	0.037868846
15	2646	PH	0.034433763
15	2646	Other	0.9276974
15	2647	PC	0.012589051
15	2647	PH	0.011958938
15	2647	Other	0.97545207
15	2648	PC	0.0043210466
15	2648	PH	0.0041617593
15	2648	Other	0.9915172
15	2649	PC	0.0017026507
15	2649	PH	0.0016599238
15	2649	Other	0.99663746
15	2650	PC	0.0012973897
15	2650	PH	0.0012824321
15	2650	Other	0.9974202
15	2651	PC	0.0024332774
15	2651	PH	0.0023041514
15	2651	Other	0.9952625
15	2652	PC	0.009642756
15	2652	PH	0.002433354
15	2652	Other	0.98792386
15	2653	PC	0.017367909
15	2653	PH	0.015252962
15	2653	Other	0.9673792
15	2654	PC	0.03643287
15	2654	PH	0.052405354
15	2654	Other	0.9111617
15	2655	PC	0.0
15	2655	PH	0.2789694
15	2655	Other	0.7210306
15	2656	PC	0.04346505
15	2656	PH	0.07018831
15	2656	Other	0.8863466
15	2657	PC	0.01825009
15	2657	PH	0.020358017
15	2657	Other	0.9613918
15	2658	PC	0.006524136
15	2658	PH	0.006567511
15	2658	Other	0.9869083
15	2659	PC	0.002243609
15	2659	PH	0.0021935191
15	2659	Other	0.99556285
15	2660	PC	0.0007635495
15	2660	PH	0.0007403212
15	2660	Other	0.9984961
15	2661	PC	0.00025920427
15	2661	PH	0.00025073043
15	2661	Other	0.99949014
15	2662	PC	8.806878e-05
15	2662	PH	8.514363e-05
15	2662	Other	0.9998268
15	2663	PC	3.0344452e-05
15	2663	PH	2.93599e-05
15	2663	Other	0.9999403
15	2664	PC	1.1456699e-05
15	2664	PH	1.11497e-05
15	2664	Other	0.99997735
15	2665	PC	7.3570072e-06
15	2665	PH	7.228533e-06
15	2665	Other	0.99998546
15	2666	PC	1.3130302e-05
15	2666	PH	1.0202342e-05
15	2666	Other	0.99997663
15	2667	PC	3.0285646e-05
15	2667	PH	2.7400072e-05
15	2667	Other	0.9999423
15	2668	PC	8.4093874e-05
15	2668	PH	7.1227034e-05
15	2668	Other	0.99984473
15	2669	PC	0.00021827588
15	2669	PH	0.00020452522
15	2669	Other	0.99957716
15	2670	PC	0.0009345307
15	2670	PH	0.00021833007
15	2670	Other	0.9988472
15	2671	PC	0.0016252748
15	2671	PH	0.0015181381
15	2671	Other	0.9968566
15	2672	PC	0.0069460226
15	2672	PH	0.0016253617
15	2672	Other	0.9914286
15	2673	PC	0.011951191
15	2673	PH	0.011421111
15	2673	Other	0.97662765
15	2674	PC	0.022067398
15	2674	PH	0.04166497
15	2674	Other	0.9362676
15	2675	PC	0.07127076
15	2675	PH	0.102516584
15	2675	Other	0.82621264
15	2676	PC	0.0
15	2676	PH	0.545807
15	2676	Other	0.454193
15	2677	PC	0.23794428
15	2677	PH	0.41624832
15	2677	Other	0.34580743
15	2678	PC	0.27607533
15	2678	PH	0.41234893
15	2678	Other	0.31157577
15	2679	PC	0.2837821
15	2679	PH	0.41476202
15	2679	Other	0.30145591
15	2680	PC	0.28198242
15	2680	PH	0.41693884
15	2680	Other	0.30107874
15	2681	PC	0.26813397
15	2681	PH	0.4055282
15	2681	Other	0.32633787
15	2682	PC	0.2145013
15	2682	PH	0.32684726
15	2682	Other	0.45865142
15	2683	PC	0.09853824
15	2683	PH	0.108370215
15	2683	Other	0.79309154
15	2684	PC	0.0645479
15	2684	PH	0.073737584
15	2684	Other	0.8617145
15	2685	PC	0.0
15	2685	PH	0.28960073
15	2685	Other	0.71039927
15	2686	PC	0.045122597
15	2686	PH	0.07286418
15	2686	Other	0.8820132
15	2687	PC	0.018948354
15	2687	PH	0.021136705
15	2687	Other	0.9599149
15	2688	PC	0.0067808083
15	2688	PH	0.0068261237
15	2688	Other	0.9863931
15	2689	PC	0.0023527485
15	2689	PH	0.0023015367
15	2689	Other	0.9953457
15	2690	PC	0.00086274813
15	2690	PH	0.0008402894
15	2690	Other	0.998297
15	2691	PC	0.00047945953
15	2691	PH	0.00046861882
15	2691	Other	0.9990518
15	2692	PC	0.00050734443
15	2692	PH	0.0008375294
15	2692	Other	0.998655
15	2693	PC	0.0016044122
15	2693	PH	0.0016081757
15	2693	Other	0.9967874
15	2694	PC	0.0016081744
15	2694	PH	0.006985316
15	2694	Other	0.99140656
15	2695	PC	0.0108457785
15	2695	PH	0.012525948
15	2695	Other	0.9766283
15	2696	PC	0.04811234
15	2696	PH	0.015596014
15	2696	Other	0.9362917
15	2697	PC	0.07124043
15	2697	PH	0.10247299
15	2697	Other	0.82628655
15	2698	PC	0.0
15	2698	PH	0.54557216
15	2698	Other	0.4544279
15	2699	PC	0.23688231
15	2699	PH	0.416018
15	2699	Other	0.34709966
15	2700	PC	0.27240717
15	2700	PH	0.4120046
15	2700	Other	0.31558827
15	2701	PC	0.27558196
15	2701	PH	0.41080928
15	2701	Other	0.31360874
15	2702	PC	0.20283836
15	2702	PH	0.55731505
15	2702	Other	0.23984654
15	2703	PC	0.28551653
15	2703	PH	0.42606243
15	2703	Other	0.28842103
15	2704	PC	0.2910117
15	2704	PH	0.4165329
15	2704	Other	0.2924554
15	2705	PC	0.29119805
15	2705	PH	0.415875
15	2705	Other	0.29292697
15	2706	PC	0.29092452
15	2706	PH	0.4158375
15	2706	Other	0.29323795
15	2707	PC	0.28996375
15	2707	PH	0.41608375
15	2707	Other	0.29395252
15	2708	PC	0.28714544
15	2708	PH	0.41616708
15	2708	Other	0.29668745
15	2709	PC	0.2785903
15	2709	PH	0.41062218
15	2709	Other	0.31078747
15	2710	PC	0.2040221
15	2710	PH	0.5568792
15	2710	Other	0.23909867
15	2711	PC	0.27139574
15	2711	PH	0.42273414
15	2711	Other	0.30587012
15	2712	PC	0.20475635
15	2712	PH	0.55664885
15	2712	Other	0.23859479
15	2713	PC	0.26003027
15	2713	PH	0.4192752
15	2713	Other	0.32069457
15	2714	PC	0.16633359
15	2714	PH	0.5667503
15	2714	Other	0.2669161
15	2715	PC	0.05714897
15	2715	PH	0.3705182
15	2715	Other	0.57233286
15	2716	PC	0.061710697
15	2716	PH	0.098581314
15	2716	Other	0.839708
15	2717	PC	0.13966098
15	2717	PH	0.0
15	2717	Other	0.86033905
15	2718	PC	0.03567705
15	2718	PH	0.020279065
15	2718	Other	0.9440439
15	2719	PC	0.010314795
15	2719	PH	0.008596703
15	2719	Other	0.9810885
15	2720	PC	0.0033238467
15	2720	PH	0.0030796234
15	2720	Other	0.99359655
15	2721	PC	0.0011097859
15	2721	PH	0.0010596676
15	2721	Other	0.9978305
15	2722	PC	0.0003745299
15	2722	PH	0.0003606997
15	2722	Other	0.9992647
15	2723	PC	0.00012687399
15	2723	PH	0.00012249239
15	2723	Other	0.9997507
15	2724	PC	4.3099062e-05
15	2724	PH	4.1643285e-05
15	2724	Other	0.99991524
15	2725	PC	1.467222e-05
15	2725	PH	1.4181461e-05
15	2725	Other	0.99997115
15	2726	PC	5.0622293e-06
15	2726	PH	4.8960246e-06
15	2726	Other	0.9999901
15	2727	PC	1.7669996e-06
15	2727	PH	1.7114646e-06
15	2727	Other	0.99999654
15	2728	PC	7.5384514e-07
15	2728	PH	7.3652865e-07
15	2728	Other	0.99999857
15	2729	PC	4.924351e-07
15	2729	PH	4.8447674e-07
15	2729	Other	0.99999905
15	2730	PC	1.1855918e-06
15	2730	PH	5.4763007e-07
15	2730	Other	0.99999833
15	2731	PC	2.2524591e-06
15	2731	PH	1.6439562e-06
15	2731	Other	0.99999607
15	2732	PC	7.0304077e-06
15	2732	PH	3.6733363e-06
15	2732	Other	0.9999893
15	2733	PC	2.1953454e-05
15	2733	PH	7.2444036e-06
15	2733	Other	0.99997073
15	2734	PC	5.7694968e-05
15	2734	PH	2.1953434e-05
15	2734	Other	0.99992025
15	2735	PC	0.00011213658
15	2735	PH	0.00010548653
15	2735	Other	0.9997823
15	2736	PC	0.00048135006
15	2736	PH	0.00011232933
15	2736	Other	0.9994062
15	2737	PC	0.000970886
15	2737	PH	0.00064847607
15	2737	Other	0.99838066
15	2738	PC	0.002506076
15	2738	PH	0.0019098792
15	2738	Other	0.99558413
15	2739	PC	0.0068174936
15	2739	PH	0.0052236943
15	2739	Other	0.9879589
15	2740	PC	0.016116308
15	2740	PH	0.01671755
15	2740	Other	0.9671662
15	2741	PC	0.036717474
15	2741	PH	0.05281476
15	2741	Other	0.91046774
15	2742	PC	0.0
15	2742	PH	0.28119034
15	2742	Other	0.71880966
15	2743	PC	0.04957572
15	2743	PH	0.076277636
15	2743	Other	0.8741467
15	2744	PC	0.032926116
15	2744	PH	0.037552357
15	2744	Other	0.92952156
15	2745	PC	0.041148394
15	2745	PH	0.05918827
15	2745	Other	0.8996632
15	2746	PC	0.0
15	2746	PH	0.28144163
15	2746	Other	0.71855843
15	2747	PC	0.043850362
15	2747	PH	0.07081044
15	2747	Other	0.88533926
15	2748	PC	0.018411923
15	2748	PH	0.020538528
15	2748	Other	0.96104956
15	2749	PC	0.0065820217
15	2749	PH	0.006625779
15	2749	Other	0.9867922
15	2750	PC	0.0022634913
15	2750	PH	0.002212956
15	2750	Other	0.9955236
15	2751	PC	0.0007702498
15	2751	PH	0.0007468144
15	2751	Other	0.99848294
15	2752	PC	0.0002614033
15	2752	PH	0.00025285254
15	2752	Other	0.99948573
15	2753	PC	8.86553e-05
15	2753	PH	8.569891e-05
15	2753	Other	0.9998256
15	2754	PC	3.0124695e-05
15	2754	PH	2.9117486e-05
15	2754	Other	0.9999407
15	2755	PC	1.0287688e-05
15	2755	PH	9.945897e-06
15	2755	Other	0.99997973
15	2756	PC	3.5685734e-06
15	2756	PH	3.4529983e-06
15	2756	Other	0.99999297
15	2757	PC	1.3179751e-06
15	2757	PH	1.2789849e-06
15	2757	Other	0.9999974
15	2758	PC	5.511067e-07
15	2758	PH	5.374797e-07
15	2758	Other	0.9999989
15	2759	PC	2.5110518e-07
15	2759	PH	2.4630674e-07
15	2759	Other	0.9999994
15	2760	PC	1.6895041e-07
15	2760	PH	1.672642e-07
15	2760	Other	0.9999996
15	2761	PC	1.216955e-07
15	2761	PH	1.2103746e-07
15	2761	Other	0.99999964
15	2762	PC	1.1303835e-07
15	2762	PH	1.12845306e-07
15	2762	Other	0.99999976
15	2763	PC	1.066705e-07
15	2763	PH	1.06519344e-07
15	2763	Other	0.99999976
15	2764	PC	1.0027357e-07
15	2764	PH	1.00125035e-07
15	2764	Other	0.99999976
15	2765	PC	9.379263e-08
15	2765	PH	9.364314e-08
15	2765	Other	0.99999976
15	2766	PC	8.725268e-08
15	2766	PH	8.710132e-08
15	2766	Other	0.99999976
15	2767	PC	8.0657e-08
15	2767	PH	8.049933e-08
15	2767	Other	0.99999976
15	2768	PC	7.403226e-08
15	2768	PH	7.382209e-08
15	2768	Other	0.9999998
15	2769	PC	6.760602e-08
15	2769	PH	6.6863066e-08
15	2769	Other	0.9999999
15	2770	PC	0.0
15	2770	PH	0.0
15	2770	Other	1.0
15	2771	PC	3.219256e-08
15	2771	PH	3.21865e-08
15	2771	Other	1.0
15	2772	PC	3.195482e-08
15	2772	PH	3.1945884e-08
15	2772	Other	1.0
15	2773	PC	3.153881e-08
15	2773	PH	3.1525815e-08
15	2773	Other	1.0
15	2774	PC	3.1082664e-08
15	2774	PH	3.106808e-08
15	2774	Other	1.0
15	2775	PC	3.0784456e-08
15	2775	PH	3.076196e-08
15	2775	Other	1.0
15	2776	PC	1.1759404e-07
15	2776	PH	1.1683914e-07
15	2776	Other	0.9999999
15	2777	PC	7.602888e-08
15	2777	PH	7.496996e-08
15	2777	Other	0.9999999
15	2778	PC	4.836972e-09
15	2778	PH	4.2190753e-09
15	2778	Other	0.99999994
15	2779	PC	0.0
15	2779	PH	0.0
15	2779	Other	0.99999994
15	2780	PC	7.3661674e-08
15	2780	PH	7.354236e-08
15	2780	Other	0.9999999
15	2781	PC	7.9933876e-08
15	2781	PH	7.97714e-08
15	2781	Other	0.9999999
15	2782	PC	8.645674e-08
15	2782	PH	8.620166e-08
15	2782	Other	0.9999999
15	2783	PC	8.9983224e-08
15	2783	PH	8.965086e-08
15	2783	Other	0.9999999
15	2784	PC	1.1247648e-07
15	2784	PH	1.12115934e-07
15	2784	Other	0.9999999
15	2785	PC	1.11875345e-07
15	2785	PH	1.1082948e-07
15	2785	Other	0.9999999
15	2786	PC	5.0132265e-08
15	2786	PH	4.914381e-08
15	2786	Other	0.9999999
15	2787	PC	1.9901014e-08
15	2787	PH	1.9235301e-08
15	2787	Other	0.9999999
15	2788	PC	3.0730607e-08
15	2788	PH	3.0117608e-08
15	2788	Other	0.99999994
15	2789	PC	0.0
15	2789	PH	0.0
15	2789	Other	1.0
15	2790	PC	0.0
15	2790	PH	0.0
15	2790	Other	1.0
15	2791	PC	0.0
15	2791	PH	0.0
15	2791	Other	0.99999994
15	2792	PC	9.9746764e-08
15	2792	PH	9.1943384e-08
15	2792	Other	0.9999999
15	2793	PC	1.5612908e-07
15	2793	PH	1.17798464e-07
15	2793	Other	0.99999964
15	2794	PC	5.359103e-07
15	2794	PH	5.083664e-07
15	2794	Other	0.999999
15	2795	PC	1.2430626e-06
15	2795	PH	1.2198632e-06
15	2795	Other	0.99999744
15	2796	PC	3.546091e-06
15	2796	PH	3.492073e-06
15	2796	Other	0.999993
15	2797	PC	9.581008e-06
15	2797	PH	9.436399e-06
15	2797	Other	0.99998105
15	2798	PC	2.6118913e-05
15	2798	PH	2.558663e-05
15	2798	Other	0.99994826
15	2799	PC	7.310384e-05
15	2799	PH	6.774031e-05
15	2799	Other	0.9998592
15	2800	PC	0.0002958668
15	2800	PH	8.795897e-05
15	2800	Other	0.99961615
15	2801	PC	0.0006056189
15	2801	PH	0.00044106058
15	2801	Other	0.9989532
15	2802	PC	0.001500985
15	2802	PH	0.0013535415
15	2802	Other	0.9971454
15	2803	PC	0.0039952253
15	2803	PH	0.0037886258
15	2803	Other	0.9922161
15	2804	PC	0.010520156
15	2804	PH	0.010705209
15	2804	Other	0.9787746
15	2805	PC	0.034810163
15	2805	PH	0.023067884
15	2805	Other	0.942122
15	2806	PC	0.18114874
15	2806	PH	0.0
15	2806	Other	0.8188513
16	2807	PC	7.589065e-08
16	2807	PH	7.536474e-08
16	2807	Other	0.9999999
16	2808	PC	9.8843756e-08
16	2808	PH	9.7428256e-08
16	2808	Other	0.9999999
16	2809	PC	3.823532e-08
16	2809	PH	3.6928075e-08
16	2809	Other	0.99999994
16	2810	PC	5.536653e-08
16	2810	PH	5.4762328e-08
16	2810	Other	0.9999999
16	2811	PC	1.57603e-07
16	2811	PH	1.1552459e-07
16	2811	Other	0.99999964
16	2812	PC	7.4663035e-07
16	2812	PH	2.2980498e-07
16	2812	Other	0.999999
16	2813	PC	1.4976642e-06
16	2813	PH	1.1124639e-06
16	2813	Other	0.99999726
16	2814	PC	3.8965795e-06
16	2814	PH	3.6880483e-06
16	2814	Other	0.9999925
16	2815	PC	1.0427719e-05
16	2815	PH	1.0240901e-05
16	2815	Other	0.9999794
16	2816	PC	2.8413122e-05
16	2816	PH	2.7925387e-05
16	2816	Other	0.99994373
16	2817	PC	7.731701e-05
16	2817	PH	7.5774224e-05
16	2817	Other	0.9998468
16	2818	PC	0.00021334304
16	2818	PH	0.00020442961
16	2818	Other	0.9995822
16	2819	PC	0.00060468103
16	2819	PH	0.0005344376
16	2819	Other	0.99886084
16	2820	PC	0.0024248715
16	2820	PH	0.0006812848
16	2820	Other	0.99689376
16	2821	PC	0.005091909
16	2821	PH	0.0033782031
16	2821	Other	0.99152994
16	2822	PC	0.012462852
16	2822	PH	0.010633797
16	2822	Other	0.97690344
16	2823	PC	0.04775082
16	2823	PH	0.015229659
16	2823	Other	0.93701947
16	2824	PC	0.10328953
16	2824	PH	0.06844768
16	2824	Other	0.8282628
16	2825	PC	0.5375086
16	2825	PH	0.0
16	2825	Other	0.46249136
16	2826	PC	0.4776668
16	2826	PH	0.195843
16	2826	Other	0.3264902
16	2827	PC	0.5024764
16	2827	PH	0.22164458
16	2827	Other	0.27587906
16	2828	PC	0.5012469
16	2828	PH	0.2392025
16	2828	Other	0.25955057
16	2829	PC	0.49974748
16	2829	PH	0.24587335
16	2829	Other	0.2543792
16	2830	PC	0.5033815
16	2830	PH	0.24505565
16	2830	Other	0.2515629
16	2831	PC	0.501173
16	2831	PH	0.24742427
16	2831	Other	0.25140274
16	2832	PC	0.5025169
16	2832	PH	0.24678782
16	2832	Other	0.25069523
16	2833	PC	0.5016384
16	2833	PH	0.24726771
16	2833	Other	0.25109392
16	2834	PC	0.48982626
16	2834	PH	0.2525133
16	2834	Other	0.25766045
16	2835	PC	0.50276387
16	2835	PH	0.24608141
16	2835	Other	0.2511547
16	2836	PC	0.4899016
16	2836	PH	0.25250238
16	2836	Other	0.25759608
16	2837	PC	0.5027567
16	2837	PH	0.24615495
16	2837	Other	0.25108832
16	2838	PC	0.5023099
16	2838	PH	0.24682349
16	2838	Other	0.2508666
16	2839	PC	0.5033574
16	2839	PH	0.24634302
16	2839	Other	0.25029957
16	2840	PC	0.5024675
16	2840	PH	0.24684359
16	2840	Other	0.25068885
16	2841	PC	0.502282
16	2841	PH	0.24694377
16	2841	Other	0.2507742
16	2842	PC	0.5005361
16	2842	PH	0.24782489
16	2842	Other	0.25163904
16	2843	PC	0.50246674
16	2843	PH	0.24686502
16	2843	Other	0.2506683
16	2844	PC	0.50236046
16	2844	PH	0.24690211
16	2844	Other	0.2507375
16	2845	PC	0.5033548
16	2845	PH	0.24640623
16	2845	Other	0.25023896
16	2846	PC	0.5024609
16	2846	PH	0.2468471
16	2846	Other	0.25069207
16	2847	PC	0.5023535
16	2847	PH	0.24690787
16	2847	Other	0.25073862
16	2848	PC	0.5017221
16	2848	PH	0.24721278
16	2848	Other	0.25106508
16	2849	PC	0.50260305
16	2849	PH	0.2467654
16	2849	Other	0.25063157
16	2850	PC	0.5020829
16	2850	PH	0.24671711
16	2850	Other	0.2512
16	2851	PC	0.5025364
16	2851	PH	0.24623343
16	2851	Other	0.25123012
16	2852	PC	0.5021179
16	2852	PH	0.24496831
16	2852	Other	0.25291374
16	2853	PC	0.503428
16	2853	PH	0.24095531
16	2853	Other	0.25561684
16	2854	PC	0.5018351
16	2854	PH	0.2297123
16	2854	Other	0.2684526
16	2855	PC	0.44327098
16	2855	PH	0.19516674
16	2855	Other	0.3615623
16	2856	PC	0.13976184
16	2856	PH	0.09020926
16	2856	Other	0.77002895
16	2857	PC	0.1711739
16	2857	PH	0.0
16	2857	Other	0.82882607
16	2858	PC	0.14798838
16	2858	PH	0.0
16	2858	Other	0.8520117
16	2859	PC	0.03780694
16	2859	PH	0.02149134
16	2859	Other	0.9407017
16	2860	PC	0.010937754
16	2860	PH	0.009117538
16	2860	Other	0.9799447
16	2861	PC	0.003545317
16	2861	PH	0.0032872707
16	2861	Other	0.9931674
16	2862	PC	0.0012450399
16	2862	PH	0.0011931643
16	2862	Other	0.99756175
16	2863	PC	0.000605482
16	2863	PH	0.00058474095
16	2863	Other	0.9988097
16	2864	PC	0.0006055205
16	2864	PH	0.0008288151
16	2864	Other	0.9985657
16	2865	PC	0.0015989674
16	2865	PH	0.0016477876
16	2865	Other	0.9967532
16	2866	PC	0.0016477864
16	2866	PH	0.0069620963
16	2866	Other	0.9913901
16	2867	PC	0.011312916
16	2867	PH	0.0120753
16	2867	Other	0.97661173
16	2868	PC	0.01253579
16	2868	PH	0.05120739
16	2868	Other	0.9362569
16	2869	PC	0.0712779
16	2869	PH	0.10252674
16	2869	Other	0.82619536
16	2870	PC	0.0
16	2870	PH	0.5458572
16	2870	Other	0.45414287
16	2871	PC	0.23816897
16	2871	PH	0.41629797
16	2871	Other	0.34553307
16	2872	PC	0.27684236
16	2872	PH	0.41243315
16	2872	Other	0.31072453
16	2873	PC	0.28593606
16	2873	PH	0.41517875
16	2873	Other	0.29888517
16	2874	PC	0.28947645
16	2874	PH	0.41525385
16	2874	Other	0.29526967
16	2875	PC	0.28925145
16	2875	PH	0.4161659
16	2875	Other	0.29458272
16	2876	PC	0.28690702
16	2876	PH	0.41619927
16	2876	Other	0.29689372
16	2877	PC	0.2785153
16	2877	PH	0.4106349
16	2877	Other	0.31084982
16	2878	PC	0.20388247
16	2878	PH	0.5570824
16	2878	Other	0.23903517
16	2879	PC	0.28192353
16	2879	PH	0.42631358
16	2879	Other	0.29176295
16	2880	PC	0.2770754
16	2880	PH	0.41179675
16	2880	Other	0.31112787
16	2881	PC	0.20367247
16	2881	PH	0.55712456
16	2881	Other	0.23920302
16	2882	PC	0.28552473
16	2882	PH	0.42604834
16	2882	Other	0.28842694
16	2883	PC	0.2910142
16	2883	PH	0.41652873
16	2883	Other	0.2924571
16	2884	PC	0.29141277
16	2884	PH	0.4158374
16	2884	Other	0.29274982
16	2885	PC	0.2914395
16	2885	PH	0.41578758
16	2885	Other	0.29277298
16	2886	PC	0.29143667
16	2886	PH	0.41578436
16	2886	Other	0.292779
16	2887	PC	0.29142445
16	2887	PH	0.41578683
16	2887	Other	0.29278877
16	2888	PC	0.2913874
16	2888	PH	0.41578928
16	2888	Other	0.2928233
16	2889	PC	0.29127556
16	2889	PH	0.4158162
16	2889	Other	0.2929083
16	2890	PC	0.2909514
16	2890	PH	0.4158318
16	2890	Other	0.29321676
16	2891	PC	0.28997284
16	2891	PH	0.41608292
16	2891	Other	0.29394424
16	2892	PC	0.2871486
16	2892	PH	0.4161666
16	2892	Other	0.29668486
16	2893	PC	0.27859113
16	2893	PH	0.4106219
16	2893	Other	0.3107869
16	2894	PC	0.20402275
16	2894	PH	0.5568785
16	2894	Other	0.23909877
16	2895	PC	0.27135178
16	2895	PH	0.42272222
16	2895	Other	0.30592602
16	2896	PC	0.20451157
16	2896	PH	0.55703944
16	2896	Other	0.238449
16	2897	PC	0.28192458
16	2897	PH	0.42631054
16	2897	Other	0.29176491
16	2898	PC	0.27707547
16	2898	PH	0.41179633
16	2898	Other	0.3111282
16	2899	PC	0.2036708
16	2899	PH	0.55712724
16	2899	Other	0.23920198
16	2900	PC	0.2855022
16	2900	PH	0.426093
16	2900	Other	0.28840482
16	2901	PC	0.28790665
16	2901	PH	0.41707414
16	2901	Other	0.2950192
16	2902	PC	0.283946
16	2902	PH	0.41659734
16	2902	Other	0.29945663
16	2903	PC	0.27008516
16	2903	PH	0.4087242
16	2903	Other	0.3211907
16	2904	PC	0.22141129
16	2904	PH	0.3357902
16	2904	Other	0.4427985
16	2905	PC	0.103236884
16	2905	PH	0.12996638
16	2905	Other	0.7667967
16	2906	PC	0.0
16	2906	PH	0.3100074
16	2906	Other	0.68999267
16	2907	PC	0.048301022
16	2907	PH	0.077997506
16	2907	Other	0.87370145
16	2908	PC	0.020280598
16	2908	PH	0.022623055
16	2908	Other	0.95709634
16	2909	PC	0.0072500166
16	2909	PH	0.0072982153
16	2909	Other	0.9854518
16	2910	PC	0.0024932022
16	2910	PH	0.0024375392
16	2910	Other	0.99506927
16	2911	PC	0.0008484374
16	2911	PH	0.0008226234
16	2911	Other	0.9983289
16	2912	PC	0.00028790205
16	2912	PH	0.00027848373
16	2912	Other	0.99943364
16	2913	PC	9.7687865e-05
16	2913	PH	9.4431554e-05
16	2913	Other	0.99980783
16	2914	PC	3.316564e-05
16	2914	PH	3.2056218e-05
16	2914	Other	0.9999348
16	2915	PC	1.135259e-05
16	2915	PH	1.0976683e-05
16	2915	Other	0.99997765
16	2916	PC	3.9782603e-06
16	2916	PH	3.850609e-06
16	2916	Other	0.99999213
16	2917	PC	1.4386078e-06
16	2917	PH	1.3951129e-06
16	2917	Other	0.99999714
16	2918	PC	5.915538e-07
16	2918	PH	5.7687186e-07
16	2918	Other	0.9999988
16	2919	PC	2.988938e-07
16	2919	PH	2.9408628e-07
16	2919	Other	0.9999994
16	2920	PC	2.215876e-07
16	2920	PH	2.1991592e-07
16	2920	Other	0.9999996
16	2921	PC	1.7498549e-07
16	2921	PH	1.738778e-07
16	2921	Other	0.99999964
16	2922	PC	1.9805331e-07
16	2922	PH	1.9660268e-07
16	2922	Other	0.99999964
16	2923	PC	1.3745712e-07
16	2923	PH	1.3612987e-07
16	2923	Other	0.9999997
16	2924	PC	2.0405271e-07
16	2924	PH	2.0010658e-07
16	2924	Other	0.9999996
16	2925	PC	7.4235686e-07
16	2925	PH	2.0405254e-07
16	2925	Other	0.99999905
16	2926	PC	1.7731245e-06
16	2926	PH	1.0449185e-06
16	2926	Other	0.99999726
16	2927	PC	3.6456024e-06
16	2927	PH	3.9570377e-06
16	2927	Other	0.9999924
16	2928	PC	1.0438042e-05
16	2928	PH	1.0454446e-05
16	2928	Other	0.99997914
16	2929	PC	1.0454436e-05
16	2929	PH	4.647357e-05
16	2929	Other	0.99994314
16	2930	PC	6.85406e-05
16	2930	PH	8.6555556e-05
16	2930	Other	0.9998449
16	2931	PC	8.790393e-05
16	2931	PH	0.00033484888
16	2931	Other	0.9995773
16	2932	PC	0.00039488933
16	2932	PH	0.0007578655
16	2932	Other	0.9988472
16	2933	PC	0.001555242
16	2933	PH	0.0015882464
16	2933	Other	0.99685645
16	2934	PC	0.0057366006
16	2934	PH	0.0028354542
16	2934	Other	0.9914279
16	2935	PC	0.017091524
16	2935	PH	0.0062832045
16	2935	Other	0.9766253
16	2936	PC	0.043623086
16	2936	PH	0.020115536
16	2936	Other	0.9362614
16	2937	PC	0.07127771
16	2937	PH	0.102526546
16	2937	Other	0.8261957
16	2938	PC	0.0
16	2938	PH	0.54586005
16	2938	Other	0.45413995
16	2939	PC	0.2381821
16	2939	PH	0.41630146
16	2939	Other	0.3455165
16	2940	PC	0.2768818
16	2940	PH	0.41244495
16	2940	Other	0.31067324
16	2941	PC	0.2860949
16	2941	PH	0.41517013
16	2941	Other	0.29873496
16	2942	PC	0.28977892
16	2942	PH	0.41541892
16	2942	Other	0.2948022
16	2943	PC	0.2908144
16	2943	PH	0.4157047
16	2943	Other	0.29348093
16	2944	PC	0.291164
16	2944	PH	0.41572982
16	2944	Other	0.29310614
16	2945	PC	0.29106706
16	2945	PH	0.4158661
16	2945	Other	0.29306683
16	2946	PC	0.2905399
16	2946	PH	0.41586238
16	2946	Other	0.2935977
16	2947	PC	0.2888048
16	2947	PH	0.4163515
16	2947	Other	0.2948437
16	2948	PC	0.2837797
16	2948	PH	0.41631335
16	2948	Other	0.29990694
16	2949	PC	0.26841676
16	2949	PH	0.40469825
16	2949	Other	0.32688496
16	2950	PC	0.21307716
16	2950	PH	0.32503533
16	2950	Other	0.46188748
16	2951	PC	0.09618896
16	2951	PH	0.10514656
16	2951	Other	0.79866445
16	2952	PC	0.06104297
16	2952	PH	0.062077817
16	2952	Other	0.8768792
16	2953	PC	0.07847511
16	2953	PH	0.11287925
16	2953	Other	0.8086456
16	2954	PC	0.0
16	2954	PH	0.5480329
16	2954	Other	0.45196718
16	2955	PC	0.24903265
16	2955	PH	0.40469602
16	2955	Other	0.34627134
16	2956	PC	0.19127688
16	2956	PH	0.5598495
16	2956	Other	0.24887362
16	2957	PC	0.25682524
16	2957	PH	0.42214698
16	2957	Other	0.32102782
16	2958	PC	0.18706535
16	2958	PH	0.5190702
16	2958	Other	0.29386443
16	2959	PC	0.10566096
16	2959	PH	0.13477601
16	2959	Other	0.75956297
16	2960	PC	0.039885085
16	2960	PH	0.04169821
16	2960	Other	0.9184166
16	2961	PC	0.013909113
16	2961	PH	0.013745862
16	2961	Other	0.972345
16	2962	PC	0.004751133
16	2962	PH	0.004620721
16	2962	Other	0.9906281
16	2963	PC	0.0016136786
16	2963	PH	0.0015622377
16	2963	Other	0.996824
16	2964	PC	0.00054721173
16	2964	PH	0.0005290811
16	2964	Other	0.99892366
16	2965	PC	0.00018556116
16	2965	PH	0.00017935001
16	2965	Other	0.999635
16	2966	PC	6.2958905e-05
16	2966	PH	6.0847142e-05
16	2966	Other	0.99987614
16	2967	PC	2.1381635e-05
16	2967	PH	2.0665142e-05
16	2967	Other	0.9999579
16	2968	PC	7.3104475e-06
16	2968	PH	7.06775e-06
16	2968	Other	0.9999856
16	2969	PC	2.532008e-06
16	2969	PH	2.4501585e-06
16	2969	Other	0.999995
16	2970	PC	9.3694507e-07
16	2970	PH	9.099326e-07
16	2970	Other	0.99999815
16	2971	PC	4.4899318e-07
16	2971	PH	4.3966563e-07
16	2971	Other	0.99999917
16	2972	PC	2.2521354e-07
16	2972	PH	2.2151403e-07
16	2972	Other	0.9999995
16	2973	PC	1.5859041e-07
16	2973	PH	1.5722873e-07
16	2973	Other	0.9999996
16	2974	PC	1.3734156e-07
16	2974	PH	1.3642692e-07
16	2974	Other	0.99999976
16	2975	PC	1.482687e-07
16	2975	PH	1.4832167e-07
16	2975	Other	0.99999976
16	2976	PC	1.483198e-07
16	2976	PH	1.8816058e-07
16	2976	Other	0.99999964
16	2977	PC	3.705478e-07
16	2977	PH	4.217767e-07
16	2977	Other	0.99999917
16	2978	PC	1.1580664e-06
16	2978	PH	1.1740299e-06
16	2978	Other	0.99999774
16	2979	PC	3.1376921e-06
16	2979	PH	3.166498e-06
16	2979	Other	0.9999936
16	2980	PC	8.7174185e-06
16	2980	PH	8.731985e-06
16	2980	Other	0.9999827
16	2981	PC	8.75485e-06
16	2981	PH	3.876534e-05
16	2981	Other	0.99995255
16	2982	PC	6.4689986e-05
16	2982	PH	6.470287e-05
16	2982	Other	0.99987066
16	2983	PC	6.471831e-05
16	2983	PH	0.00028808133
16	2983	Other	0.99964726
16	2984	PC	0.0003512344
16	2984	PH	0.0006106134
16	2984	Other	0.9990381
16	2985	PC	0.0011932083
16	2985	PH	0.0014297717
16	2985	Other	0.99737704
16	2986	PC	0.0014298431
16	2986	PH	0.0057226503
16	2986	Other	0.99284756
16	2987	PC	0.009751803
16	2987	PH	0.009751747
16	2987	Other	0.9804964
16	2988	PC	0.04343132
16	2988	PH	0.0097518135
16	2988	Other	0.9468169
16	2989	PC	0.06668435
16	2989	PH	0.07833682
16	2989	Other	0.8549789
16	2990	PC	0.04010523
16	2990	PH	0.38216308
16	2990	Other	0.5777317
16	2991	PC	0.09248237
16	2991	PH	0.5533917
16	2991	Other	0.35412592
16	2992	PC	0.26425403
16	2992	PH	0.421887
16	2992	Other	0.313859
16	2993	PC	0.27747095
16	2993	PH	0.4159524
16	2993	Other	0.30657664
16	2994	PC	0.26531863
16	2994	PH	0.40289968
16	2994	Other	0.3317817
16	2995	PC	0.20759198
16	2995	PH	0.31987292
16	2995	Other	0.47253507
16	2996	PC	0.087809406
16	2996	PH	0.09656549
16	2996	Other	0.8156251
16	2997	PC	0.038808282
16	2997	PH	0.03915623
16	2997	Other	0.92203546
16	2998	PC	0.035999414
16	2998	PH	0.036014356
16	2998	Other	0.92798626
16	2999	PC	0.06249934
16	2999	PH	0.083216235
16	2999	Other	0.8542844
16	3000	PC	0.0152445575
16	3000	PH	0.4112053
16	3000	Other	0.5735501
16	3001	PC	0.2145056
16	3001	PH	0.39730987
16	3001	Other	0.38818458
16	3002	PC	0.26277936
16	3002	PH	0.4127347
16	3002	Other	0.32448593
16	3003	PC	0.28269088
16	3003	PH	0.4137843
16	3003	Other	0.30352482
16	3004	PC	0.28823477
16	3004	PH	0.41541314
16	3004	Other	0.29635212
16	3005	PC	0.29044953
16	3005	PH	0.41556603
16	3005	Other	0.29398444
16	3006	PC	0.29108447
16	3006	PH	0.41573888
16	3006	Other	0.2931767
16	3007	PC	0.291331
16	3007	PH	0.4157596
16	3007	Other	0.29290938
16	3008	PC	0.2914036
16	3008	PH	0.41577798
16	3008	Other	0.29281852
16	3009	PC	0.29143083
16	3009	PH	0.41578072
16	3009	Other	0.2927885
16	3010	PC	0.29143897
16	3010	PH	0.41578224
16	3010	Other	0.29277873
16	3011	PC	0.2914398
16	3011	PH	0.41578346
16	3011	Other	0.2927767
16	3012	PC	0.29143625
16	3012	PH	0.4157846
16	3012	Other	0.29277915
16	3013	PC	0.29142278
16	3013	PH	0.4157861
16	3013	Other	0.29279113
16	3014	PC	0.29138157
16	3014	PH	0.41579366
16	3014	Other	0.29282472
16	3015	PC	0.29126057
16	3015	PH	0.4158071
16	3015	Other	0.29293236
16	3016	PC	0.2908998
16	3016	PH	0.41587573
16	3016	Other	0.2932244
16	3017	PC	0.2898434
16	3017	PH	0.4159858
16	3017	Other	0.29417074
16	3018	PC	0.28669232
16	3018	PH	0.41660875
16	3018	Other	0.29669887
16	3019	PC	0.27747986
16	3019	PH	0.41453373
16	3019	Other	0.3079864
16	3020	PC	0.24787417
16	3020	PH	0.36209178
16	3020	Other	0.39003402
16	3021	PC	0.1632092
16	3021	PH	0.1822322
16	3021	Other	0.65455854
16	3022	PC	0.122718334
16	3022	PH	0.41638434
16	3022	Other	0.46089736
16	3023	PC	0.24511239
16	3023	PH	0.4050418
16	3023	Other	0.3498458
16	3024	PC	0.27437493
16	3024	PH	0.41386116
16	3024	Other	0.31176394
16	3025	PC	0.28617805
16	3025	PH	0.4146169
16	3025	Other	0.299205
16	3026	PC	0.2895314
16	3026	PH	0.4155524
16	3026	Other	0.2949162
16	3027	PC	0.29084584
16	3027	PH	0.41565603
16	3027	Other	0.29349816
16	3028	PC	0.2912284
16	3028	PH	0.41575563
16	3028	Other	0.29301602
16	3029	PC	0.29137248
16	3029	PH	0.41576886
16	3029	Other	0.29285872
16	3030	PC	0.2914094
16	3030	PH	0.41577792
16	3030	Other	0.29281268
16	3031	PC	0.29139867
16	3031	PH	0.415793
16	3031	Other	0.29280835
16	3032	PC	0.2913357
16	3032	PH	0.41579372
16	3032	Other	0.2928706
16	3033	PC	0.29112864
16	3033	PH	0.4158472
16	3033	Other	0.29302418
16	3034	PC	0.29052567
16	3034	PH	0.41586632
16	3034	Other	0.29360807
16	3035	PC	0.2886977
16	3035	PH	0.4163662
16	3035	Other	0.29493615
16	3036	PC	0.28344047
16	3036	PH	0.41623685
16	3036	Other	0.30032265
16	3037	PC	0.2673176
16	3037	PH	0.40269732
16	3037	Other	0.3299851
16	3038	PC	0.20827487
16	3038	PH	0.31993937
16	3038	Other	0.47178578
16	3039	PC	0.08811162
16	3039	PH	0.09676665
16	3039	Other	0.8151217
16	3040	PC	0.03948786
16	3040	PH	0.039385527
16	3040	Other	0.9211266
16	3041	PC	0.041774385
16	3041	PH	0.03501594
16	3041	Other	0.92320967
16	3042	PC	0.18875612
16	3042	PH	0.0
16	3042	Other	0.81124383
17	3043	PC	8.357385e-08
17	3043	PH	2.356917e-05
17	3043	Other	0.9999764
17	3044	PC	2.7319082e-05
17	3044	PH	2.9786164e-05
17	3044	Other	0.9999428
17	3045	PC	7.6729375e-05
17	3045	PH	7.671834e-05
17	3045	Other	0.9998465
17	3046	PC	0.00034095292
17	3046	PH	7.6801596e-05
17	3046	Other	0.99958223
17	3047	PC	0.0007096297
17	3047	PH	0.0004295441
17	3047	Other	0.99886084
17	3048	PC	0.0019616487
17	3048	PH	0.0011446866
17	3048	Other	0.99689364
17	3049	PC	0.0062537915
17	3049	PH	0.0022165524
17	3049	Other	0.9915297
17	3050	PC	0.016227545
17	3050	PH	0.006869291
17	3050	Other	0.9769032
17	3051	PC	0.030573796
17	3051	PH	0.032407228
17	3051	Other	0.937019
17	3052	PC	0.10329039
17	3052	PH	0.0684481
17	3052	Other	0.8282615
17	3053	PC	0.53751314
17	3053	PH	0.0
17	3053	Other	0.46248686
17	3054	PC	0.4776435
17	3054	PH	0.1958991
17	3054	Other	0.3264574
17	3055	PC	0.50267565
17	3055	PH	0.22156623
17	3055	Other	0.27575812
17	3056	PC	0.5008891
17	3056	PH	0.23979877
17	3056	Other	0.2593122
17	3057	PC	0.5025618
17	3057	PH	0.24397817
17	3057	Other	0.25346
17	3058	PC	0.50324506
17	3058	PH	0.24531686
17	3058	Other	0.25143814
17	3059	PC	0.5024251
17	3059	PH	0.24661788
17	3059	Other	0.25095698
17	3060	PC	0.50234973
17	3060	PH	0.24683984
17	3060	Other	0.25081047
17	3061	PC	0.5033717
17	3061	PH	0.24635737
17	3061	Other	0.2502709
17	3062	PC	0.5026688
17	3062	PH	0.24674208
17	3062	Other	0.25058913
17	3063	PC	0.5019773
17	3063	PH	0.24709453
17	3063	Other	0.25092816
17	3064	PC	0.502668
17	3064	PH	0.2467502
17	3064	Other	0.2505818
17	3065	PC	0.5033586
17	3065	PH	0.24640399
17	3065	Other	0.2502374
17	3066	PC	0.502668
17	3066	PH	0.24674255
17	3066	Other	0.2505895
17	3067	PC	0.5019773
17	3067	PH	0.24709454
17	3067	Other	0.25092813
17	3068	PC	0.5026684
17	3068	PH	0.24675009
17	3068	Other	0.2505816
17	3069	PC	0.50334775
17	3069	PH	0.2464095
17	3069	Other	0.25024277
17	3070	PC	0.50252974
17	3070	PH	0.24681228
17	3070	Other	0.25065804
17	3071	PC	0.5015863
17	3071	PH	0.24729377
17	3071	Other	0.25111994
17	3072	PC	0.48891196
17	3072	PH	0.25086936
17	3072	Other	0.2602187
17	3073	PC	0.50437486
17	3073	PH	0.24128939
17	3073	Other	0.25433573
17	3074	PC	0.49260247
17	3074	PH	0.2312475
17	3074	Other	0.27615
17	3075	PC	0.4387753
17	3075	PH	0.19375104
17	3075	Other	0.3674737
17	3076	PC	0.11990138
17	3076	PH	0.093631
17	3076	Other	0.7864676
17	3077	PC	0.03784908
17	3077	PH	0.034428354
17	3077	Other	0.9277226
17	3078	PC	0.0125566255
17	3078	PH	0.011926823
17	3078	Other	0.97551656
17	3079	PC	0.004228902
17	3079	PH	0.004066613
17	3079	Other	0.99170446
17	3080	PC	0.0014306294
17	3080	PH	0.0013805797
17	3080	Other	0.9971887
17	3081	PC	0.0004849465
17	3081	PH	0.00046847653
17	3081	Other	0.9990465
17	3082	PC	0.0001654085
17	3082	PH	0.00015990621
17	3082	Other	0.9996746
17	3083	PC	5.9162507e-05
17	3083	PH	5.735795e-05
17	3083	Other	0.9998834
17	3084	PC	2.9216664e-05
17	3084	PH	2.8360484e-05
17	3084	Other	0.9999424
17	3085	PC	4.11061e-05
17	3085	PH	2.9226672e-05
17	3085	Other	0.99992967
17	3086	PC	8.7825625e-05
17	3086	PH	7.215174e-05
17	3086	Other	0.99984
17	3087	PC	0.0003366464
17	3087	PH	8.7875036e-05
17	3087	Other	0.9995755
17	3088	PC	0.0008141001
17	3088	PH	0.00033921274
17	3088	Other	0.99884677
17	3089	PC	0.0020159176
17	3089	PH	0.0011274795
17	3089	Other	0.9968566
17	3090	PC	0.0049134265
17	3090	PH	0.0036576453
17	3090	Other	0.991429
17	3091	PC	0.012272636
17	3091	PH	0.011098716
17	3091	Other	0.97662866
17	3092	PC	0.05145697
17	3092	PH	0.012272627
17	3092	Other	0.93627036
17	3093	PC	0.0712678
17	3093	PH	0.1025123
17	3093	Other	0.8262199
17	3094	PC	0.0
17	3094	PH	0.54578424
17	3094	Other	0.45421585
17	3095	PC	0.23785572
17	3095	PH	0.41621482
17	3095	Other	0.3459295
17	3096	PC	0.27591038
17	3096	PH	0.41214377
17	3096	Other	0.31194586
17	3097	PC	0.29285526
17	3097	PH	0.40469262
17	3097	Other	0.3024521
17	3098	PC	0.28878874
17	3098	PH	0.41645527
17	3098	Other	0.294756
17	3099	PC	0.2893734
17	3099	PH	0.41610992
17	3099	Other	0.2945167
17	3100	PC	0.28695053
17	3100	PH	0.4162021
17	3100	Other	0.2968474
17	3101	PC	0.27854276
17	3101	PH	0.4106396
17	3101	Other	0.3108176
17	3102	PC	0.20400922
17	3102	PH	0.55688214
17	3102	Other	0.23910865
17	3103	PC	0.27137393
17	3103	PH	0.42272854
17	3103	Other	0.30589753
17	3104	PC	0.20463558
17	3104	PH	0.5568416
17	3104	Other	0.23852281
17	3105	PC	0.27152592
17	3105	PH	0.42276585
17	3105	Other	0.3057083
17	3106	PC	0.20547462
17	3106	PH	0.55550194
17	3106	Other	0.23902354
17	3107	PC	0.28197518
17	3107	PH	0.4262012
17	3107	Other	0.2918237
17	3108	PC	0.27710843
17	3108	PH	0.41179222
17	3108	Other	0.31109938
17	3109	PC	0.20380421
17	3109	PH	0.5569149
17	3109	Other	0.23928085
17	3110	PC	0.25757948
17	3110	PH	0.4218701
17	3110	Other	0.32055044
17	3111	PC	0.18780467
17	3111	PH	0.51966846
17	3111	Other	0.2925269
17	3112	PC	0.107769035
17	3112	PH	0.13690162
17	3112	Other	0.75532925
17	3113	PC	0.046299014
17	3113	PH	0.04787339
17	3113	Other	0.90582764
17	3114	PC	0.03456196
17	3114	PH	0.030236294
17	3114	Other	0.93520176
17	3115	PC	0.13763526
17	3115	PH	0.0
17	3115	Other	0.86236465
17	3116	PC	0.06951101
17	3116	PH	0.06825906
17	3116	Other	0.8622299
17	3117	PC	0.0
17	3117	PH	0.28996348
17	3117	Other	0.71003664
17	3118	PC	0.046532035
17	3118	PH	0.07419503
17	3118	Other	0.87927306
17	3119	PC	0.022536473
17	3119	PH	0.024833186
17	3119	Other	0.9526303
17	3120	PC	0.017251823
17	3120	PH	0.017582348
17	3120	Other	0.9651658
17	3121	PC	0.037455358
17	3121	PH	0.024820784
17	3121	Other	0.9377239
17	3122	PC	0.18291792
17	3122	PH	0.0
17	3122	Other	0.8170821
