14	2452	PC	6.882636e-08
14	2452	PH	6.882636e-08
14	2452	Other	0.9999999
14	2453	PC	0.0044159936
14	2453	PH	0.0044159936
14	2453	Other	0.9911679
14	2454	PC	0.008831945
14	2454	PH	0.0
14	2454	Other	0.991168
14	2455	PC	0.5643438
14	2455	PH	0.4356563
14	2455	Other	0.0
14	2456	PC	0.0
14	2456	PH	0.0
14	2456	Other	0.99999994
14	2457	PC	0.8324164
14	2457	PH	0.16758367
14	2457	Other	0.0
14	2458	PC	4.5883677e-08
14	2458	PH	4.5883677e-08
14	2458	Other	1.0
14	2459	PC	0.008643691
14	2459	PH	0.0
14	2459	Other	0.9913564
14	2460	PC	5.7354594e-08
14	2460	PH	5.7354594e-08
14	2460	Other	0.99999994
14	2461	PC	0.8324164
14	2461	PH	0.16758367
14	2461	Other	0.0
14	2462	PC	2.2941837e-08
14	2462	PH	2.2941837e-08
14	2462	Other	1.0
14	2463	PC	0.17043868
14	2463	PH	0.05439928
14	2463	Other	0.7751621
14	2464	PC	0.00079459074
14	2464	PH	0.00079459074
14	2464	Other	0.99841076
14	2465	PC	0.0015896129
14	2465	PH	0.0
14	2465	Other	0.99841046
14	2466	PC	1.0
14	2466	PH	0.0
14	2466	Other	0.0
14	2467	PC	0.0007946021
14	2467	PH	0.0007946021
14	2467	Other	0.9984108
14	2468	PC	0.0015893631
14	2468	PH	0.0
14	2468	Other	0.9984106
14	2469	PC	0.5722209
14	2469	PH	0.4277792
14	2469	Other	0.0
14	2470	PC	3.4412764e-08
14	2470	PH	3.4412764e-08
14	2470	Other	0.9999999
14	2471	PC	0.8324163
14	2471	PH	0.16758375
14	2471	Other	0.0
14	2472	PC	0.00079432654
14	2472	PH	0.00079432654
14	2472	Other	0.9984114
14	2473	PC	0.0015887084
14	2473	PH	0.0
14	2473	Other	0.9984113
14	2474	PC	0.8324164
14	2474	PH	0.16758367
14	2474	Other	0.0
14	2475	PC	2.2941835e-08
14	2475	PH	2.2941835e-08
14	2475	Other	0.9999999
14	2476	PC	1.0
14	2476	PH	0.0
14	2476	Other	0.0
14	2477	PC	0.0
14	2477	PH	0.0
14	2477	Other	0.99999994
14	2478	PC	0.5643438
14	2478	PH	0.4356563
14	2478	Other	0.0
14	2479	PC	0.5722209
14	2479	PH	0.4277792
14	2479	Other	0.0
14	2480	PC	1.0323827e-07
14	2480	PH	1.0323827e-07
14	2480	Other	0.9999999
14	2481	PC	1.0
14	2481	PH	0.0
14	2481	Other	0.0
14	2482	PC	0.0007945907
14	2482	PH	0.0007945907
14	2482	Other	0.9984107
14	2483	PC	0.0015894223
14	2483	PH	0.0
14	2483	Other	0.9984106
14	2484	PC	0.8324164
14	2484	PH	0.16758367
14	2484	Other	0.0
14	2485	PC	0.00069718005
14	2485	PH	0.00069718005
14	2485	Other	0.9986057
14	2486	PC	0.0019322863
14	2486	PH	0.0
14	2486	Other	0.99806774
14	2487	PC	0.001906831
14	2487	PH	0.0
14	2487	Other	0.99809325
14	2488	PC	0.0013690405
14	2488	PH	0.0
14	2488	Other	0.998631
14	2489	PC	1.0
14	2489	PH	0.0
14	2489	Other	0.0
14	2490	PC	0.0
14	2490	PH	0.0
14	2490	Other	0.99999994
14	2491	PC	0.8324164
14	2491	PH	0.16758367
14	2491	Other	0.0
14	2492	PC	6.8825514e-08
14	2492	PH	6.8825514e-08
14	2492	Other	0.9999999
14	2493	PC	0.5643438
14	2493	PH	0.4356563
14	2493	Other	0.0
14	2494	PC	2.2941846e-08
14	2494	PH	2.2941846e-08
14	2494	Other	0.9999999
14	2495	PC	3.4412764e-08
14	2495	PH	3.4412764e-08
14	2495	Other	0.9999999
14	2496	PC	5.73546e-08
14	2496	PH	5.73546e-08
14	2496	Other	0.9999999
14	2497	PC	5.73546e-08
14	2497	PH	5.73546e-08
14	2497	Other	0.9999999
14	2498	PC	3.4412764e-08
14	2498	PH	3.4412764e-08
14	2498	Other	0.9999999
14	2499	PC	3.4412764e-08
14	2499	PH	3.4412764e-08
14	2499	Other	0.9999999
14	2500	PC	8.029643e-08
14	2500	PH	8.029643e-08
14	2500	Other	0.99999994
14	2501	PC	2.2941837e-08
14	2501	PH	2.2941837e-08
14	2501	Other	1.0
14	2502	PC	0.0
14	2502	PH	0.0
14	2502	Other	0.99999994
14	2503	PC	1.1470926e-08
14	2503	PH	1.1470926e-08
14	2503	Other	0.9999999
14	2504	PC	4.5883684e-08
14	2504	PH	4.5883684e-08
14	2504	Other	0.9999999
14	2505	PC	1.1470926e-08
14	2505	PH	1.1470926e-08
14	2505	Other	0.9999999
14	2506	PC	3.4412764e-08
14	2506	PH	3.4412764e-08
14	2506	Other	0.9999999
14	2507	PC	7.697547e-15
14	2507	PH	7.697547e-15
14	2507	Other	0.9999999
14	2508	PC	2.2941839e-08
14	2508	PH	2.2941839e-08
14	2508	Other	0.99999994
14	2509	PC	3.4412764e-08
14	2509	PH	3.4412764e-08
14	2509	Other	0.9999999
14	2510	PC	7.697547e-15
14	2510	PH	7.697547e-15
14	2510	Other	0.9999999
14	2511	PC	1.0323827e-07
14	2511	PH	1.0323827e-07
14	2511	Other	0.9999999
14	2512	PC	8.029643e-08
14	2512	PH	8.029643e-08
14	2512	Other	0.99999994
14	2513	PC	5.7354594e-08
14	2513	PH	5.7354594e-08
14	2513	Other	0.99999994
14	2514	PC	2.2941835e-08
14	2514	PH	2.2941835e-08
14	2514	Other	0.9999999
14	2515	PC	0.0
14	2515	PH	0.0
14	2515	Other	0.99999994
14	2516	PC	0.0
14	2516	PH	0.0
14	2516	Other	0.99999994
14	2517	PC	7.697547e-15
14	2517	PH	7.697547e-15
14	2517	Other	0.9999999
14	2518	PC	7.697547e-15
14	2518	PH	7.697547e-15
14	2518	Other	0.9999999
14	2519	PC	7.697547e-15
14	2519	PH	7.697547e-15
14	2519	Other	0.9999999
14	2520	PC	0.0
14	2520	PH	0.0
14	2520	Other	0.99999994
14	2521	PC	0.0
14	2521	PH	0.0
14	2521	Other	0.99999994
14	2522	PC	0.0
14	2522	PH	0.0
14	2522	Other	0.99999994
14	2523	PC	0.0
14	2523	PH	0.0
14	2523	Other	0.99999994
14	2524	PC	8.029644e-08
14	2524	PH	8.029644e-08
14	2524	Other	0.9999999
14	2525	PC	1.1470919e-08
14	2525	PH	1.1470919e-08
14	2525	Other	0.99999994
14	2526	PC	2.2941846e-08
14	2526	PH	2.2941846e-08
14	2526	Other	0.9999999
14	2527	PC	3.4412764e-08
14	2527	PH	3.4412764e-08
14	2527	Other	0.9999999
14	2528	PC	3.4412764e-08
14	2528	PH	3.4412764e-08
14	2528	Other	0.9999999
14	2529	PC	9.176735e-08
14	2529	PH	9.176735e-08
14	2529	Other	0.9999999
14	2530	PC	6.8825514e-08
14	2530	PH	6.8825514e-08
14	2530	Other	0.9999999
14	2531	PC	2.2941837e-08
14	2531	PH	2.2941837e-08
14	2531	Other	1.0
14	2532	PC	0.0
14	2532	PH	0.0
14	2532	Other	0.99999994
14	2533	PC	2.2941835e-08
14	2533	PH	2.2941835e-08
14	2533	Other	0.99999994
14	2534	PC	0.0
14	2534	PH	0.0
14	2534	Other	0.99999994
14	2535	PC	1.03238264e-07
14	2535	PH	1.03238264e-07
14	2535	Other	0.9999999
14	2536	PC	3.4412764e-08
14	2536	PH	3.4412764e-08
14	2536	Other	0.9999999
14	2537	PC	7.697547e-15
14	2537	PH	7.697547e-15
14	2537	Other	0.9999999
14	2538	PC	8.029643e-08
14	2538	PH	8.029643e-08
14	2538	Other	0.9999999
14	2539	PC	2.2941835e-08
14	2539	PH	2.2941835e-08
14	2539	Other	0.9999999
14	2540	PC	3.4412764e-08
14	2540	PH	3.4412764e-08
14	2540	Other	0.9999999
14	2541	PC	4.5883674e-08
14	2541	PH	4.5883674e-08
14	2541	Other	0.99999994
14	2542	PC	4.5883674e-08
14	2542	PH	4.5883674e-08
14	2542	Other	0.99999994
14	2543	PC	3.4412764e-08
14	2543	PH	3.4412764e-08
14	2543	Other	0.9999999
14	2544	PC	3.4412764e-08
14	2544	PH	3.4412764e-08
14	2544	Other	0.9999999
14	2545	PC	0.0
14	2545	PH	0.0
14	2545	Other	0.99999994
14	2546	PC	4.5883674e-08
14	2546	PH	4.5883674e-08
14	2546	Other	0.99999994
14	2547	PC	2.2941846e-08
14	2547	PH	2.2941846e-08
14	2547	Other	0.9999999
14	2548	PC	2.2941846e-08
14	2548	PH	2.2941846e-08
14	2548	Other	0.9999999
14	2549	PC	3.4412757e-08
14	2549	PH	3.4412757e-08
14	2549	Other	1.0
14	2550	PC	6.882552e-08
14	2550	PH	6.882552e-08
14	2550	Other	0.9999999
14	2551	PC	7.697547e-15
14	2551	PH	7.697547e-15
14	2551	Other	0.9999999
14	2552	PC	3.4412757e-08
14	2552	PH	3.4412757e-08
14	2552	Other	1.0
14	2553	PC	1.03238264e-07
14	2553	PH	1.03238264e-07
14	2553	Other	0.9999999
14	2554	PC	3.4412757e-08
14	2554	PH	3.4412757e-08
14	2554	Other	0.99999994
14	2555	PC	5.73546e-08
14	2555	PH	5.73546e-08
14	2555	Other	0.9999999
14	2556	PC	3.4412764e-08
14	2556	PH	3.4412764e-08
14	2556	Other	0.9999999
14	2557	PC	1.0323827e-07
14	2557	PH	1.0323827e-07
14	2557	Other	0.9999999
14	2558	PC	3.4412754e-08
14	2558	PH	3.4412754e-08
14	2558	Other	0.9999999
14	2559	PC	0.0
14	2559	PH	0.0
14	2559	Other	0.99999994
14	2560	PC	1.03238264e-07
14	2560	PH	1.03238264e-07
14	2560	Other	0.9999999
14	2561	PC	5.73546e-08
14	2561	PH	5.73546e-08
14	2561	Other	0.9999999
14	2562	PC	3.4412754e-08
14	2562	PH	3.4412754e-08
14	2562	Other	0.9999999
14	2563	PC	5.73546e-08
14	2563	PH	5.73546e-08
14	2563	Other	0.9999999
14	2564	PC	5.7354594e-08
14	2564	PH	5.7354594e-08
14	2564	Other	0.9999999
14	2565	PC	0.0
14	2565	PH	0.019407827
14	2565	Other	0.98059225
14	2566	PC	3.4412764e-08
14	2566	PH	3.4412764e-08
14	2566	Other	0.9999999
14	2567	PC	5.7354594e-08
14	2567	PH	5.7354594e-08
14	2567	Other	0.99999994
14	2568	PC	8.029644e-08
14	2568	PH	8.029644e-08
14	2568	Other	0.9999999
14	2569	PC	6.8825514e-08
14	2569	PH	6.8825514e-08
14	2569	Other	0.99999994
14	2570	PC	8.029644e-08
14	2570	PH	8.029644e-08
14	2570	Other	0.9999999
14	2571	PC	2.2941846e-08
14	2571	PH	2.2941846e-08
14	2571	Other	0.9999999
14	2572	PC	6.882552e-08
14	2572	PH	6.882552e-08
14	2572	Other	0.9999999
14	2573	PC	0.0
14	2573	PH	0.0
14	2573	Other	0.99999994
14	2574	PC	8.029644e-08
14	2574	PH	8.029644e-08
14	2574	Other	0.9999999
14	2575	PC	3.4412754e-08
14	2575	PH	3.4412754e-08
14	2575	Other	0.9999999
14	2576	PC	8.029644e-08
14	2576	PH	8.029644e-08
14	2576	Other	0.9999999
14	2577	PC	0.45560282
14	2577	PH	0.54439735
14	2577	Other	0.0
14	2578	PC	0.0
14	2578	PH	0.0
14	2578	Other	0.99999994
14	2579	PC	3.4412764e-08
14	2579	PH	3.4412764e-08
14	2579	Other	0.9999999
14	2580	PC	4.5883677e-08
14	2580	PH	4.5883677e-08
14	2580	Other	1.0
14	2581	PC	2.2941846e-08
14	2581	PH	2.2941846e-08
14	2581	Other	0.9999999
14	2582	PC	2.2941846e-08
14	2582	PH	2.2941846e-08
14	2582	Other	0.9999999
14	2583	PC	8.029643e-08
14	2583	PH	8.029643e-08
14	2583	Other	0.9999999
14	2584	PC	1.0323827e-07
14	2584	PH	1.0323827e-07
14	2584	Other	0.9999999
14	2585	PC	5.7354594e-08
14	2585	PH	5.7354594e-08
14	2585	Other	0.9999999
14	2586	PC	9.176735e-08
14	2586	PH	9.176735e-08
14	2586	Other	0.9999999
14	2587	PC	6.882552e-08
14	2587	PH	6.882552e-08
14	2587	Other	0.9999999
14	2588	PC	4.5883684e-08
14	2588	PH	4.5883684e-08
14	2588	Other	0.9999999
14	2589	PC	6.8825514e-08
14	2589	PH	6.8825514e-08
14	2589	Other	0.99999994
14	2590	PC	3.4412764e-08
14	2590	PH	3.4412764e-08
14	2590	Other	0.9999999
14	2591	PC	2.2941835e-08
14	2591	PH	2.2941835e-08
14	2591	Other	0.9999999
14	2592	PC	2.2941835e-08
14	2592	PH	2.2941835e-08
14	2592	Other	0.9999999
14	2593	PC	6.8825514e-08
14	2593	PH	6.8825514e-08
14	2593	Other	0.99999994
14	2594	PC	4.5883677e-08
14	2594	PH	4.5883677e-08
14	2594	Other	0.99999994
14	2595	PC	4.5883677e-08
14	2595	PH	4.5883677e-08
14	2595	Other	0.9999999
14	2596	PC	1.1470919e-08
14	2596	PH	1.1470919e-08
14	2596	Other	0.99999994
14	2597	PC	0.0
14	2597	PH	0.0
14	2597	Other	0.99999994
14	2598	PC	1.1470926e-08
14	2598	PH	1.1470926e-08
14	2598	Other	0.9999999
14	2599	PC	2.2941835e-08
14	2599	PH	2.2941835e-08
14	2599	Other	0.99999994
14	2600	PC	8.029643e-08
14	2600	PH	8.029643e-08
14	2600	Other	0.9999999
14	2601	PC	3.4412754e-08
14	2601	PH	3.4412754e-08
14	2601	Other	0.9999999
14	2602	PC	6.8825514e-08
14	2602	PH	6.8825514e-08
14	2602	Other	0.99999994
14	2603	PC	5.73546e-08
14	2603	PH	5.73546e-08
14	2603	Other	0.9999999
14	2604	PC	4.5883684e-08
14	2604	PH	4.5883684e-08
14	2604	Other	0.9999999
14	2605	PC	1.03238264e-07
14	2605	PH	1.03238264e-07
14	2605	Other	0.9999999
14	2606	PC	3.4412754e-08
14	2606	PH	3.4412754e-08
14	2606	Other	0.9999999
14	2607	PC	0.0
14	2607	PH	0.0
14	2607	Other	0.99999994
14	2608	PC	8.029643e-08
14	2608	PH	8.029643e-08
14	2608	Other	0.9999999
14	2609	PC	3.4412764e-08
14	2609	PH	3.4412764e-08
14	2609	Other	0.9999999
14	2610	PC	4.5883684e-08
14	2610	PH	4.5883684e-08
14	2610	Other	0.9999999
14	2611	PC	6.8825514e-08
14	2611	PH	6.8825514e-08
14	2611	Other	0.9999999
14	2612	PC	6.8825514e-08
14	2612	PH	6.8825514e-08
14	2612	Other	0.99999994
14	2613	PC	4.5883674e-08
14	2613	PH	4.5883674e-08
14	2613	Other	0.99999994
14	2614	PC	1.1362798e-07
14	2614	PH	0.9999999
14	2614	Other	6.81771e-08
14	2615	PC	5.73546e-08
14	2615	PH	5.73546e-08
14	2615	Other	0.9999999
14	2616	PC	1.0
14	2616	PH	0.0
14	2616	Other	0.0
14	2617	PC	0.010998809
14	2617	PH	0.0
14	2617	Other	0.98888075
15	2618	PC	3.441358e-08
15	2618	PH	3.441358e-08
15	2618	Other	0.9999999
15	2619	PC	7.697547e-15
15	2619	PH	7.697547e-15
15	2619	Other	0.9999999
15	2620	PC	3.4412764e-08
15	2620	PH	3.4412764e-08
15	2620	Other	0.9999999
15	2621	PC	3.4412764e-08
15	2621	PH	3.4412764e-08
15	2621	Other	0.9999999
15	2622	PC	4.5883684e-08
15	2622	PH	4.5883684e-08
15	2622	Other	0.9999999
15	2623	PC	8.029644e-08
15	2623	PH	8.029644e-08
15	2623	Other	0.9999999
15	2624	PC	3.4412764e-08
15	2624	PH	3.4412764e-08
15	2624	Other	0.9999999
15	2625	PC	0.0
15	2625	PH	0.0
15	2625	Other	0.99999994
15	2626	PC	8.029643e-08
15	2626	PH	8.029643e-08
15	2626	Other	0.9999999
15	2627	PC	5.7354594e-08
15	2627	PH	5.7354594e-08
15	2627	Other	0.99999994
15	2628	PC	1.03238264e-07
15	2628	PH	1.03238264e-07
15	2628	Other	0.9999999
15	2629	PC	4.5883674e-08
15	2629	PH	4.5883674e-08
15	2629	Other	0.99999994
15	2630	PC	2.2941846e-08
15	2630	PH	2.2941846e-08
15	2630	Other	0.9999999
15	2631	PC	0.0
15	2631	PH	0.0
15	2631	Other	1.0
15	2632	PC	0.005290221
15	2632	PH	0.0026308796
15	2632	Other	0.9920789
15	2633	PC	0.0079214005
15	2633	PH	0.0
15	2633	Other	0.99207866
15	2634	PC	5.7354594e-08
15	2634	PH	5.7354594e-08
15	2634	Other	0.99999994
15	2635	PC	0.5722209
15	2635	PH	0.4277792
15	2635	Other	0.0
15	2636	PC	5.7354594e-08
15	2636	PH	5.7354594e-08
15	2636	Other	0.9999999
15	2637	PC	1.0
15	2637	PH	0.0
15	2637	Other	0.0
15	2638	PC	5.7354594e-08
15	2638	PH	5.7354594e-08
15	2638	Other	0.9999999
15	2639	PC	1.0
15	2639	PH	0.0
15	2639	Other	0.0
15	2640	PC	2.2941846e-08
15	2640	PH	2.2941846e-08
15	2640	Other	0.9999999
15	2641	PC	0.9753209
15	2641	PH	0.0
15	2641	Other	0.024679117
15	2642	PC	5.73546e-08
15	2642	PH	5.73546e-08
15	2642	Other	0.9999999
15	2643	PC	0.56434375
15	2643	PH	0.4356563
15	2643	Other	0.0
15	2644	PC	5.73546e-08
15	2644	PH	5.73546e-08
15	2644	Other	0.9999999
15	2645	PC	5.73546e-08
15	2645	PH	5.73546e-08
15	2645	Other	0.9999999
15	2646	PC	2.2941846e-08
15	2646	PH	2.2941846e-08
15	2646	Other	0.9999999
15	2647	PC	7.697547e-15
15	2647	PH	7.697547e-15
15	2647	Other	0.9999999
15	2648	PC	3.4412757e-08
15	2648	PH	3.4412757e-08
15	2648	Other	1.0
15	2649	PC	4.5883674e-08
15	2649	PH	4.5883674e-08
15	2649	Other	0.99999994
15	2650	PC	2.2941835e-08
15	2650	PH	2.2941835e-08
15	2650	Other	0.9999999
15	2651	PC	4.5883674e-08
15	2651	PH	4.5883674e-08
15	2651	Other	0.99999994
15	2652	PC	8.029644e-08
15	2652	PH	8.029644e-08
15	2652	Other	0.9999999
15	2653	PC	0.0
15	2653	PH	0.0
15	2653	Other	0.99999994
15	2654	PC	1.1470926e-08
15	2654	PH	1.1470926e-08
15	2654	Other	0.9999999
15	2655	PC	0.0
15	2655	PH	0.0
15	2655	Other	0.99999994
15	2656	PC	6.8825514e-08
15	2656	PH	6.8825514e-08
15	2656	Other	0.99999994
15	2657	PC	0.0
15	2657	PH	0.0
15	2657	Other	0.99999994
15	2658	PC	2.2941846e-08
15	2658	PH	2.2941846e-08
15	2658	Other	0.9999999
15	2659	PC	0.0
15	2659	PH	0.0
15	2659	Other	0.99999994
15	2660	PC	2.2941835e-08
15	2660	PH	2.2941835e-08
15	2660	Other	0.99999994
15	2661	PC	4.5883674e-08
15	2661	PH	4.5883674e-08
15	2661	Other	0.99999994
15	2662	PC	3.4412757e-08
15	2662	PH	3.4412757e-08
15	2662	Other	1.0
15	2663	PC	0.0
15	2663	PH	0.0
15	2663	Other	0.99999994
15	2664	PC	1.0323827e-07
15	2664	PH	1.0323827e-07
15	2664	Other	0.9999999
15	2665	PC	1.0323827e-07
15	2665	PH	1.0323827e-07
15	2665	Other	0.9999999
15	2666	PC	0.0
15	2666	PH	0.0
15	2666	Other	0.99999994
15	2667	PC	8.029643e-08
15	2667	PH	8.029643e-08
15	2667	Other	0.99999994
15	2668	PC	5.73546e-08
15	2668	PH	5.73546e-08
15	2668	Other	0.9999999
15	2669	PC	1.0323827e-07
15	2669	PH	1.0323827e-07
15	2669	Other	0.9999999
15	2670	PC	7.697547e-15
15	2670	PH	7.697547e-15
15	2670	Other	0.9999999
15	2671	PC	4.5883674e-08
15	2671	PH	4.5883674e-08
15	2671	Other	0.99999994
15	2672	PC	3.4412764e-08
15	2672	PH	3.4412764e-08
15	2672	Other	0.9999999
15	2673	PC	8.029643e-08
15	2673	PH	8.029643e-08
15	2673	Other	0.9999999
15	2674	PC	8.029644e-08
15	2674	PH	8.029644e-08
15	2674	Other	0.9999999
15	2675	PC	4.5883677e-08
15	2675	PH	4.5883677e-08
15	2675	Other	0.99999994
15	2676	PC	0.0
15	2676	PH	0.0
15	2676	Other	0.99999994
15	2677	PC	9.452142e-08
15	2677	PH	0.9999999
15	2677	Other	5.671285e-08
15	2678	PC	0.45560282
15	2678	PH	0.54439735
15	2678	Other	0.0
15	2679	PC	0.0
15	2679	PH	0.0
15	2679	Other	0.99999994
15	2680	PC	0.45560282
15	2680	PH	0.54439735
15	2680	Other	0.0
15	2681	PC	5.73546e-08
15	2681	PH	5.73546e-08
15	2681	Other	0.9999999
15	2682	PC	0.0
15	2682	PH	1.0
15	2682	Other	6.304582e-31
15	2683	PC	4.5883684e-08
15	2683	PH	4.5883684e-08
15	2683	Other	0.9999999
15	2684	PC	0.19588922
15	2684	PH	0.80411077
15	2684	Other	0.0
15	2685	PC	5.73546e-08
15	2685	PH	5.73546e-08
15	2685	Other	0.9999999
15	2686	PC	4.5883684e-08
15	2686	PH	4.5883684e-08
15	2686	Other	0.9999999
15	2687	PC	1.2042769e-07
15	2687	PH	0.9999999
15	2687	Other	7.225653e-08
15	2688	PC	6.882552e-08
15	2688	PH	6.882552e-08
15	2688	Other	0.9999999
15	2689	PC	5.7354594e-08
15	2689	PH	5.7354594e-08
15	2689	Other	0.99999994
15	2690	PC	8.6030056e-08
15	2690	PH	0.9999999
15	2690	Other	5.1618017e-08
15	2691	PC	1.1470919e-08
15	2691	PH	1.1470919e-08
15	2691	Other	0.99999994
15	2692	PC	2.2941835e-08
15	2692	PH	2.2941835e-08
15	2692	Other	0.99999994
15	2693	PC	6.488263e-08
15	2693	PH	0.99999994
15	2693	Other	3.8929457e-08
15	2694	PC	7.697547e-15
15	2694	PH	7.697547e-15
15	2694	Other	0.9999999
15	2695	PC	0.0
15	2695	PH	0.0
15	2695	Other	0.99999994
15	2696	PC	4.5883677e-08
15	2696	PH	4.5883677e-08
15	2696	Other	0.9999999
15	2697	PC	0.0
15	2697	PH	0.0
15	2697	Other	0.99999994
15	2698	PC	4.5883677e-08
15	2698	PH	4.5883677e-08
15	2698	Other	0.99999994
15	2699	PC	4.5883677e-08
15	2699	PH	4.5883677e-08
15	2699	Other	0.9999999
15	2700	PC	0.45560282
15	2700	PH	0.54439735
15	2700	Other	0.0
15	2701	PC	6.4882705e-08
15	2701	PH	0.99999994
15	2701	Other	3.8929457e-08
15	2702	PC	3.4412764e-08
15	2702	PH	3.4412764e-08
15	2702	Other	0.9999999
15	2703	PC	3.4412764e-08
15	2703	PH	3.4412764e-08
15	2703	Other	0.9999999
15	2704	PC	1.2042686e-07
15	2704	PH	0.9999999
15	2704	Other	7.225653e-08
15	2705	PC	2.2941835e-08
15	2705	PH	2.2941835e-08
15	2705	Other	0.99999994
15	2706	PC	8.029643e-08
15	2706	PH	8.029643e-08
15	2706	Other	0.9999999
15	2707	PC	1.00058195e-07
15	2707	PH	0.9999999
15	2707	Other	6.0034935e-08
15	2708	PC	0.0
15	2708	PH	0.0
15	2708	Other	0.99999994
15	2709	PC	8.029644e-08
15	2709	PH	8.029644e-08
15	2709	Other	0.9999999
15	2710	PC	3.4412754e-08
15	2710	PH	3.4412754e-08
15	2710	Other	0.9999999
15	2711	PC	5.3345516e-08
15	2711	PH	0.99999994
15	2711	Other	3.2007186e-08
15	2712	PC	2.2941846e-08
15	2712	PH	2.2941846e-08
15	2712	Other	0.9999999
15	2713	PC	3.4412754e-08
15	2713	PH	3.4412754e-08
15	2713	Other	0.9999999
15	2714	PC	6.882552e-08
15	2714	PH	6.882552e-08
15	2714	Other	0.9999999
15	2715	PC	4.5883684e-08
15	2715	PH	4.5883684e-08
15	2715	Other	0.9999999
15	2716	PC	5.73546e-08
15	2716	PH	5.73546e-08
15	2716	Other	0.9999999
15	2717	PC	3.4412764e-08
15	2717	PH	3.4412764e-08
15	2717	Other	0.9999999
15	2718	PC	1.1470926e-08
15	2718	PH	1.1470926e-08
15	2718	Other	0.9999999
15	2719	PC	4.5883684e-08
15	2719	PH	4.5883684e-08
15	2719	Other	0.9999999
15	2720	PC	4.5883684e-08
15	2720	PH	4.5883684e-08
15	2720	Other	0.9999999
15	2721	PC	3.4412764e-08
15	2721	PH	3.4412764e-08
15	2721	Other	0.9999999
15	2722	PC	0.0
15	2722	PH	0.0
15	2722	Other	0.99999994
15	2723	PC	8.029644e-08
15	2723	PH	8.029644e-08
15	2723	Other	0.9999999
15	2724	PC	1.1470926e-08
15	2724	PH	1.1470926e-08
15	2724	Other	0.9999999
15	2725	PC	3.4412764e-08
15	2725	PH	3.4412764e-08
15	2725	Other	0.9999999
15	2726	PC	3.4412764e-08
15	2726	PH	3.4412764e-08
15	2726	Other	0.9999999
15	2727	PC	2.2941846e-08
15	2727	PH	2.2941846e-08
15	2727	Other	0.9999999
15	2728	PC	0.0
15	2728	PH	0.0
15	2728	Other	0.99999994
15	2729	PC	0.0
15	2729	PH	0.0
15	2729	Other	0.99999994
15	2730	PC	5.73546e-08
15	2730	PH	5.73546e-08
15	2730	Other	0.9999999
15	2731	PC	1.0323827e-07
15	2731	PH	1.0323827e-07
15	2731	Other	0.9999999
15	2732	PC	3.4412764e-08
15	2732	PH	3.4412764e-08
15	2732	Other	0.9999999
15	2733	PC	2.2941837e-08
15	2733	PH	2.2941837e-08
15	2733	Other	1.0
15	2734	PC	8.029644e-08
15	2734	PH	8.029644e-08
15	2734	Other	0.9999999
15	2735	PC	5.73546e-08
15	2735	PH	5.73546e-08
15	2735	Other	0.9999999
15	2736	PC	0.0
15	2736	PH	0.0
15	2736	Other	0.99999994
15	2737	PC	1.03238264e-07
15	2737	PH	1.03238264e-07
15	2737	Other	0.9999999
15	2738	PC	1.03238264e-07
15	2738	PH	1.03238264e-07
15	2738	Other	0.9999999
15	2739	PC	4.5883674e-08
15	2739	PH	4.5883674e-08
15	2739	Other	0.99999994
15	2740	PC	8.029644e-08
15	2740	PH	8.029644e-08
15	2740	Other	0.9999999
15	2741	PC	2.2941846e-08
15	2741	PH	2.2941846e-08
15	2741	Other	0.9999999
15	2742	PC	3.4412754e-08
15	2742	PH	3.4412754e-08
15	2742	Other	0.9999999
15	2743	PC	3.4412764e-08
15	2743	PH	3.4412764e-08
15	2743	Other	0.9999999
15	2744	PC	3.4412764e-08
15	2744	PH	3.4412764e-08
15	2744	Other	0.9999999
15	2745	PC	1.03238264e-07
15	2745	PH	1.03238264e-07
15	2745	Other	0.9999999
15	2746	PC	3.4412757e-08
15	2746	PH	3.4412757e-08
15	2746	Other	1.0
15	2747	PC	5.7354594e-08
15	2747	PH	5.7354594e-08
15	2747	Other	0.99999994
15	2748	PC	1.1470919e-08
15	2748	PH	1.1470919e-08
15	2748	Other	0.9999999
15	2749	PC	4.5883674e-08
15	2749	PH	4.5883674e-08
15	2749	Other	0.99999994
15	2750	PC	3.4412764e-08
15	2750	PH	3.4412764e-08
15	2750	Other	0.9999999
15	2751	PC	1.0323827e-07
15	2751	PH	1.0323827e-07
15	2751	Other	0.9999999
15	2752	PC	2.2941835e-08
15	2752	PH	2.2941835e-08
15	2752	Other	0.9999999
15	2753	PC	5.73546e-08
15	2753	PH	5.73546e-08
15	2753	Other	0.9999999
15	2754	PC	5.7354594e-08
15	2754	PH	5.7354594e-08
15	2754	Other	0.9999999
15	2755	PC	2.2941846e-08
15	2755	PH	2.2941846e-08
15	2755	Other	0.9999999
15	2756	PC	4.5883674e-08
15	2756	PH	4.5883674e-08
15	2756	Other	0.99999994
15	2757	PC	0.0
15	2757	PH	0.0
15	2757	Other	0.99999994
15	2758	PC	3.4412754e-08
15	2758	PH	3.4412754e-08
15	2758	Other	0.9999999
15	2759	PC	4.5883684e-08
15	2759	PH	4.5883684e-08
15	2759	Other	0.9999999
15	2760	PC	1.1470926e-08
15	2760	PH	1.1470926e-08
15	2760	Other	0.9999999
15	2761	PC	1.0323827e-07
15	2761	PH	1.0323827e-07
15	2761	Other	0.9999999
15	2762	PC	2.2941837e-08
15	2762	PH	2.2941837e-08
15	2762	Other	1.0
15	2763	PC	0.0
15	2763	PH	0.0
15	2763	Other	0.99999994
15	2764	PC	0.0
15	2764	PH	0.0
15	2764	Other	0.99999994
15	2765	PC	5.73546e-08
15	2765	PH	5.73546e-08
15	2765	Other	0.9999999
15	2766	PC	4.5883684e-08
15	2766	PH	4.5883684e-08
15	2766	Other	0.9999999
15	2767	PC	1.0323827e-07
15	2767	PH	1.0323827e-07
15	2767	Other	0.9999999
15	2768	PC	9.1767355e-08
15	2768	PH	9.1767355e-08
15	2768	Other	0.9999999
15	2769	PC	7.697547e-15
15	2769	PH	7.697547e-15
15	2769	Other	0.9999999
15	2770	PC	3.4412764e-08
15	2770	PH	3.4412764e-08
15	2770	Other	0.9999999
15	2771	PC	1.0323827e-07
15	2771	PH	1.0323827e-07
15	2771	Other	0.9999999
15	2772	PC	6.8825514e-08
15	2772	PH	6.8825514e-08
15	2772	Other	0.99999994
15	2773	PC	8.029644e-08
15	2773	PH	8.029644e-08
15	2773	Other	0.9999999
15	2774	PC	2.2941846e-08
15	2774	PH	2.2941846e-08
15	2774	Other	0.9999999
15	2775	PC	3.4412754e-08
15	2775	PH	3.4412754e-08
15	2775	Other	0.9999999
15	2776	PC	6.8825514e-08
15	2776	PH	6.8825514e-08
15	2776	Other	0.99999994
15	2777	PC	3.4412757e-08
15	2777	PH	3.4412757e-08
15	2777	Other	0.99999994
15	2778	PC	8.029643e-08
15	2778	PH	8.029643e-08
15	2778	Other	0.9999999
15	2779	PC	4.5883677e-08
15	2779	PH	4.5883677e-08
15	2779	Other	1.0
15	2780	PC	8.029643e-08
15	2780	PH	8.029643e-08
15	2780	Other	0.99999994
15	2781	PC	6.8825514e-08
15	2781	PH	6.8825514e-08
15	2781	Other	0.99999994
15	2782	PC	0.0
15	2782	PH	0.0
15	2782	Other	0.99999994
15	2783	PC	3.4412764e-08
15	2783	PH	3.4412764e-08
15	2783	Other	0.9999999
15	2784	PC	0.0
15	2784	PH	0.0
15	2784	Other	0.99999994
15	2785	PC	2.2941837e-08
15	2785	PH	2.2941837e-08
15	2785	Other	1.0
15	2786	PC	8.029644e-08
15	2786	PH	8.029644e-08
15	2786	Other	0.9999999
15	2787	PC	1.0323827e-07
15	2787	PH	1.0323827e-07
15	2787	Other	0.9999999
15	2788	PC	5.73546e-08
15	2788	PH	5.73546e-08
15	2788	Other	0.9999999
15	2789	PC	4.5883684e-08
15	2789	PH	4.5883684e-08
15	2789	Other	0.9999999
15	2790	PC	3.4412764e-08
15	2790	PH	3.4412764e-08
15	2790	Other	0.9999999
15	2791	PC	0.0
15	2791	PH	0.0
15	2791	Other	0.99999994
15	2792	PC	4.5883684e-08
15	2792	PH	4.5883684e-08
15	2792	Other	0.9999999
15	2793	PC	2.2941837e-08
15	2793	PH	2.2941837e-08
15	2793	Other	1.0
15	2794	PC	2.2941835e-08
15	2794	PH	2.2941835e-08
15	2794	Other	0.9999999
15	2795	PC	3.4412764e-08
15	2795	PH	3.4412764e-08
15	2795	Other	0.9999999
15	2796	PC	7.697547e-15
15	2796	PH	7.697547e-15
15	2796	Other	0.9999999
15	2797	PC	4.5883674e-08
15	2797	PH	4.5883674e-08
15	2797	Other	0.99999994
15	2798	PC	6.8825514e-08
15	2798	PH	6.8825514e-08
15	2798	Other	0.99999994
15	2799	PC	5.73546e-08
15	2799	PH	5.73546e-08
15	2799	Other	0.9999999
15	2800	PC	0.0
15	2800	PH	0.0
15	2800	Other	1.0
15	2801	PC	5.7354594e-08
15	2801	PH	5.7354594e-08
15	2801	Other	0.99999994
15	2802	PC	3.4412764e-08
15	2802	PH	3.4412764e-08
15	2802	Other	0.9999999
15	2803	PC	1.0323827e-07
15	2803	PH	1.0323827e-07
15	2803	Other	0.9999999
15	2804	PC	3.4412764e-08
15	2804	PH	3.4412764e-08
15	2804	Other	0.9999999
15	2805	PC	1.03238264e-07
15	2805	PH	1.03238264e-07
15	2805	Other	0.9999999
15	2806	PC	2.2941837e-08
15	2806	PH	2.2941837e-08
15	2806	Other	1.0
16	2807	PC	0.0
16	2807	PH	0.0
16	2807	Other	0.99999994
16	2808	PC	2.2941835e-08
16	2808	PH	2.2941835e-08
16	2808	Other	0.9999999
16	2809	PC	2.2941835e-08
16	2809	PH	2.2941835e-08
16	2809	Other	0.99999994
16	2810	PC	2.2941846e-08
16	2810	PH	2.2941846e-08
16	2810	Other	0.9999999
16	2811	PC	8.029643e-08
16	2811	PH	8.029643e-08
16	2811	Other	0.9999999
16	2812	PC	3.4412757e-08
16	2812	PH	3.4412757e-08
16	2812	Other	0.99999994
16	2813	PC	1.0323827e-07
16	2813	PH	1.0323827e-07
16	2813	Other	0.9999999
16	2814	PC	5.7354594e-08
16	2814	PH	5.7354594e-08
16	2814	Other	0.99999994
16	2815	PC	6.882552e-08
16	2815	PH	6.882552e-08
16	2815	Other	0.9999999
16	2816	PC	2.2941846e-08
16	2816	PH	2.2941846e-08
16	2816	Other	0.9999999
16	2817	PC	6.8825514e-08
16	2817	PH	6.8825514e-08
16	2817	Other	0.99999994
16	2818	PC	4.5883684e-08
16	2818	PH	4.5883684e-08
16	2818	Other	0.9999999
16	2819	PC	4.5883684e-08
16	2819	PH	4.5883684e-08
16	2819	Other	0.9999999
16	2820	PC	3.4412764e-08
16	2820	PH	3.4412764e-08
16	2820	Other	0.9999999
16	2821	PC	2.2941846e-08
16	2821	PH	2.2941846e-08
16	2821	Other	0.9999999
16	2822	PC	7.697547e-15
16	2822	PH	7.697547e-15
16	2822	Other	0.9999999
16	2823	PC	1.0323827e-07
16	2823	PH	1.0323827e-07
16	2823	Other	0.9999999
16	2824	PC	3.4412757e-08
16	2824	PH	3.4412757e-08
16	2824	Other	1.0
16	2825	PC	6.8825514e-08
16	2825	PH	6.8825514e-08
16	2825	Other	0.99999994
16	2826	PC	0.8324164
16	2826	PH	0.16758367
16	2826	Other	0.0
16	2827	PC	0.00061384327
16	2827	PH	0.00061384327
16	2827	Other	0.99877226
16	2828	PC	0.0012280412
16	2828	PH	0.0
16	2828	Other	0.998772
16	2829	PC	0.5722209
16	2829	PH	0.4277792
16	2829	Other	0.0
16	2830	PC	8.029644e-08
16	2830	PH	8.029644e-08
16	2830	Other	0.9999999
16	2831	PC	0.9959136
16	2831	PH	0.0
16	2831	Other	0.004086359
16	2832	PC	0.0006851924
16	2832	PH	0.0006851924
16	2832	Other	0.9986297
16	2833	PC	0.001370427
16	2833	PH	0.0
16	2833	Other	0.99862957
16	2834	PC	0.5722209
16	2834	PH	0.4277792
16	2834	Other	0.0
16	2835	PC	6.882552e-08
16	2835	PH	6.882552e-08
16	2835	Other	0.9999999
16	2836	PC	0.8324164
16	2836	PH	0.16758367
16	2836	Other	0.0
16	2837	PC	0.000835461
16	2837	PH	0.000835461
16	2837	Other	0.99832904
16	2838	PC	0.0016709632
16	2838	PH	0.0
16	2838	Other	0.99832904
16	2839	PC	1.0
16	2839	PH	0.0
16	2839	Other	0.0
16	2840	PC	0.00078322284
16	2840	PH	0.00078322284
16	2840	Other	0.9984336
16	2841	PC	0.0015663629
16	2841	PH	0.0
16	2841	Other	0.9984336
16	2842	PC	0.9948668
16	2842	PH	0.0
16	2842	Other	0.0051332572
16	2843	PC	0.00079593225
16	2843	PH	0.00079593225
16	2843	Other	0.9984081
16	2844	PC	0.0015920277
16	2844	PH	0.0
16	2844	Other	0.99840796
16	2845	PC	1.0
16	2845	PH	0.0
16	2845	Other	0.0
16	2846	PC	0.0007938108
16	2846	PH	0.0007938108
16	2846	Other	0.99841243
16	2847	PC	0.0015879096
16	2847	PH	0.0
16	2847	Other	0.99841213
16	2848	PC	0.99704045
16	2848	PH	0.0
16	2848	Other	0.002959568
16	2849	PC	0.0006293863
16	2849	PH	0.0006293863
16	2849	Other	0.9987414
16	2850	PC	0.0021281403
16	2850	PH	0.0
16	2850	Other	0.99787176
16	2851	PC	0.0015933719
16	2851	PH	0.0
16	2851	Other	0.99840665
16	2852	PC	0.0023140495
16	2852	PH	0.0
16	2852	Other	0.997686
16	2853	PC	0.0015903079
16	2853	PH	0.0
16	2853	Other	0.9984096
16	2854	PC	0.5722209
16	2854	PH	0.4277792
16	2854	Other	0.0
16	2855	PC	9.176735e-08
16	2855	PH	9.176735e-08
16	2855	Other	0.9999999
16	2856	PC	4.5883677e-08
16	2856	PH	4.5883677e-08
16	2856	Other	0.99999994
16	2857	PC	2.2941837e-08
16	2857	PH	2.2941837e-08
16	2857	Other	1.0
16	2858	PC	3.4412754e-08
16	2858	PH	3.4412754e-08
16	2858	Other	0.9999999
16	2859	PC	9.176735e-08
16	2859	PH	9.176735e-08
16	2859	Other	0.9999999
16	2860	PC	8.029644e-08
16	2860	PH	8.029644e-08
16	2860	Other	0.9999999
16	2861	PC	8.029643e-08
16	2861	PH	8.029643e-08
16	2861	Other	0.9999999
16	2862	PC	7.697547e-15
16	2862	PH	7.697547e-15
16	2862	Other	0.9999999
16	2863	PC	2.2941837e-08
16	2863	PH	2.2941837e-08
16	2863	Other	1.0
16	2864	PC	5.73546e-08
16	2864	PH	5.73546e-08
16	2864	Other	0.9999999
16	2865	PC	6.8825514e-08
16	2865	PH	6.8825514e-08
16	2865	Other	0.99999994
16	2866	PC	6.8825514e-08
16	2866	PH	6.8825514e-08
16	2866	Other	0.99999994
16	2867	PC	2.2941835e-08
16	2867	PH	2.2941835e-08
16	2867	Other	0.9999999
16	2868	PC	3.4412757e-08
16	2868	PH	3.4412757e-08
16	2868	Other	1.0
16	2869	PC	3.4412754e-08
16	2869	PH	3.4412754e-08
16	2869	Other	0.9999999
16	2870	PC	6.882552e-08
16	2870	PH	6.882552e-08
16	2870	Other	0.9999999
16	2871	PC	1.0323827e-07
16	2871	PH	1.0323827e-07
16	2871	Other	0.9999999
16	2872	PC	1.0274022e-07
16	2872	PH	0.9999999
16	2872	Other	6.164453e-08
16	2873	PC	6.882552e-08
16	2873	PH	6.882552e-08
16	2873	Other	0.9999999
16	2874	PC	3.4412764e-08
16	2874	PH	3.4412764e-08
16	2874	Other	0.9999999
16	2875	PC	1.02740195e-07
16	2875	PH	0.9999999
16	2875	Other	6.164453e-08
16	2876	PC	0.0
16	2876	PH	0.0
16	2876	Other	0.99999994
16	2877	PC	3.4412764e-08
16	2877	PH	3.4412764e-08
16	2877	Other	0.9999999
16	2878	PC	6.882552e-08
16	2878	PH	6.882552e-08
16	2878	Other	0.9999999
16	2879	PC	0.45560282
16	2879	PH	0.54439735
16	2879	Other	0.0
16	2880	PC	0.0
16	2880	PH	0.0
16	2880	Other	0.99999994
16	2881	PC	5.73546e-08
16	2881	PH	5.73546e-08
16	2881	Other	0.9999999
16	2882	PC	2.2941835e-08
16	2882	PH	2.2941835e-08
16	2882	Other	0.9999999
16	2883	PC	7.697547e-15
16	2883	PH	7.697547e-15
16	2883	Other	0.9999999
16	2884	PC	1.03238264e-07
16	2884	PH	1.03238264e-07
16	2884	Other	0.9999999
16	2885	PC	0.0
16	2885	PH	0.0
16	2885	Other	0.99999994
16	2886	PC	9.547208e-08
16	2886	PH	0.9999999
16	2886	Other	5.7283245e-08
16	2887	PC	0.0
16	2887	PH	0.0
16	2887	Other	0.99999994
16	2888	PC	1.2042686e-07
16	2888	PH	0.9999999
16	2888	Other	7.225653e-08
16	2889	PC	8.029644e-08
16	2889	PH	8.029644e-08
16	2889	Other	0.9999999
16	2890	PC	1.0323827e-07
16	2890	PH	1.0323827e-07
16	2890	Other	0.9999999
16	2891	PC	0.43677896
16	2891	PH	0.56322134
16	2891	Other	0.0
16	2892	PC	0.0
16	2892	PH	0.0
16	2892	Other	0.99999994
16	2893	PC	4.5883674e-08
16	2893	PH	4.5883674e-08
16	2893	Other	0.99999994
16	2894	PC	2.2941835e-08
16	2894	PH	2.2941835e-08
16	2894	Other	0.99999994
16	2895	PC	5.73546e-08
16	2895	PH	5.73546e-08
16	2895	Other	0.9999999
16	2896	PC	3.4412764e-08
16	2896	PH	3.4412764e-08
16	2896	Other	0.9999999
16	2897	PC	0.43677896
16	2897	PH	0.56322134
16	2897	Other	0.0
16	2898	PC	6.8825514e-08
16	2898	PH	6.8825514e-08
16	2898	Other	0.99999994
16	2899	PC	9.1767355e-08
16	2899	PH	9.1767355e-08
16	2899	Other	0.9999999
16	2900	PC	0.43677896
16	2900	PH	0.56322134
16	2900	Other	0.0
16	2901	PC	1.0323827e-07
16	2901	PH	1.0323827e-07
16	2901	Other	0.9999999
16	2902	PC	0.19588923
16	2902	PH	0.80411077
16	2902	Other	0.0
16	2903	PC	1.2042686e-07
16	2903	PH	0.9999999
16	2903	Other	7.225653e-08
16	2904	PC	0.19588923
16	2904	PH	0.80411077
16	2904	Other	0.0
16	2905	PC	5.7354594e-08
16	2905	PH	5.7354594e-08
16	2905	Other	0.9999999
16	2906	PC	3.4412764e-08
16	2906	PH	3.4412764e-08
16	2906	Other	0.9999999
16	2907	PC	8.029643e-08
16	2907	PH	8.029643e-08
16	2907	Other	0.9999999
16	2908	PC	1.02740195e-07
16	2908	PH	0.9999999
16	2908	Other	6.164453e-08
16	2909	PC	2.2941837e-08
16	2909	PH	2.2941837e-08
16	2909	Other	1.0
16	2910	PC	0.0
16	2910	PH	0.0
16	2910	Other	0.99999994
16	2911	PC	9.547211e-08
16	2911	PH	0.9999999
16	2911	Other	5.7283245e-08
16	2912	PC	3.4412764e-08
16	2912	PH	3.4412764e-08
16	2912	Other	0.9999999
16	2913	PC	0.19588923
16	2913	PH	0.80411077
16	2913	Other	0.0
16	2914	PC	2.2941846e-08
16	2914	PH	2.2941846e-08
16	2914	Other	0.9999999
16	2915	PC	6.8825514e-08
16	2915	PH	6.8825514e-08
16	2915	Other	0.99999994
16	2916	PC	0.19588917
16	2916	PH	0.8041108
16	2916	Other	0.0
16	2917	PC	0.0
16	2917	PH	0.0
16	2917	Other	0.99999994
16	2918	PC	2.2941835e-08
16	2918	PH	2.2941835e-08
16	2918	Other	0.9999999
16	2919	PC	1.02741204e-07
16	2919	PH	0.9999999
16	2919	Other	6.164453e-08
16	2920	PC	1.0323827e-07
16	2920	PH	1.0323827e-07
16	2920	Other	0.9999999
16	2921	PC	1.0323827e-07
16	2921	PH	1.0323827e-07
16	2921	Other	0.9999999
16	2922	PC	3.9162703e-08
16	2922	PH	0.9999999
16	2922	Other	2.3497753e-08
16	2923	PC	3.4412764e-08
16	2923	PH	3.4412764e-08
16	2923	Other	0.9999999
16	2924	PC	1.2042683e-07
16	2924	PH	0.9999999
16	2924	Other	7.225653e-08
16	2925	PC	0.0
16	2925	PH	0.0
16	2925	Other	0.99999994
16	2926	PC	1.2042754e-07
16	2926	PH	0.9999999
16	2926	Other	7.225653e-08
16	2927	PC	1.0323827e-07
16	2927	PH	1.0323827e-07
16	2927	Other	0.9999999
16	2928	PC	2.2941837e-08
16	2928	PH	2.2941837e-08
16	2928	Other	1.0
16	2929	PC	3.4412764e-08
16	2929	PH	3.4412764e-08
16	2929	Other	0.9999999
16	2930	PC	5.7354594e-08
16	2930	PH	5.7354594e-08
16	2930	Other	0.99999994
16	2931	PC	3.4412764e-08
16	2931	PH	3.4412764e-08
16	2931	Other	0.9999999
16	2932	PC	8.6582354e-08
16	2932	PH	0.9999999
16	2932	Other	5.194941e-08
16	2933	PC	3.4412764e-08
16	2933	PH	3.4412764e-08
16	2933	Other	0.9999999
16	2934	PC	2.2941835e-08
16	2934	PH	2.2941835e-08
16	2934	Other	0.99999994
16	2935	PC	5.3345644e-08
16	2935	PH	0.99999994
16	2935	Other	3.2007186e-08
16	2936	PC	1.03238264e-07
16	2936	PH	1.03238264e-07
16	2936	Other	0.9999999
16	2937	PC	3.4412764e-08
16	2937	PH	3.4412764e-08
16	2937	Other	0.9999999
16	2938	PC	5.7354594e-08
16	2938	PH	5.7354594e-08
16	2938	Other	0.9999999
16	2939	PC	3.4412764e-08
16	2939	PH	3.4412764e-08
16	2939	Other	0.9999999
16	2940	PC	1.0274058e-07
16	2940	PH	0.9999999
16	2940	Other	6.164453e-08
16	2941	PC	4.5883684e-08
16	2941	PH	4.5883684e-08
16	2941	Other	0.9999999
16	2942	PC	5.73546e-08
16	2942	PH	5.73546e-08
16	2942	Other	0.9999999
16	2943	PC	8.029644e-08
16	2943	PH	8.029644e-08
16	2943	Other	0.9999999
16	2944	PC	5.73546e-08
16	2944	PH	5.73546e-08
16	2944	Other	0.9999999
16	2945	PC	1.0784662e-07
16	2945	PH	0.9999999
16	2945	Other	6.4707976e-08
16	2946	PC	0.0
16	2946	PH	0.0
16	2946	Other	0.99999994
16	2947	PC	3.4412764e-08
16	2947	PH	3.4412764e-08
16	2947	Other	0.9999999
16	2948	PC	9.547208e-08
16	2948	PH	0.9999999
16	2948	Other	5.7283245e-08
16	2949	PC	8.029644e-08
16	2949	PH	8.029644e-08
16	2949	Other	0.9999999
16	2950	PC	5.73546e-08
16	2950	PH	5.73546e-08
16	2950	Other	0.9999999
16	2951	PC	7.924238e-08
16	2951	PH	0.9999999
16	2951	Other	4.7545818e-08
16	2952	PC	5.7354594e-08
16	2952	PH	5.7354594e-08
16	2952	Other	0.99999994
16	2953	PC	9.1767355e-08
16	2953	PH	9.1767355e-08
16	2953	Other	0.9999999
16	2954	PC	3.4412754e-08
16	2954	PH	3.4412754e-08
16	2954	Other	0.9999999
16	2955	PC	4.5883674e-08
16	2955	PH	4.5883674e-08
16	2955	Other	0.9999999
16	2956	PC	2.2941835e-08
16	2956	PH	2.2941835e-08
16	2956	Other	0.99999994
16	2957	PC	1.1470926e-08
16	2957	PH	1.1470926e-08
16	2957	Other	0.9999999
16	2958	PC	2.2941835e-08
16	2958	PH	2.2941835e-08
16	2958	Other	0.99999994
16	2959	PC	7.697547e-15
16	2959	PH	7.697547e-15
16	2959	Other	0.9999999
16	2960	PC	3.4412764e-08
16	2960	PH	3.4412764e-08
16	2960	Other	0.9999999
16	2961	PC	4.5883677e-08
16	2961	PH	4.5883677e-08
16	2961	Other	0.99999994
16	2962	PC	4.5883674e-08
16	2962	PH	4.5883674e-08
16	2962	Other	0.99999994
16	2963	PC	2.2941835e-08
16	2963	PH	2.2941835e-08
16	2963	Other	0.99999994
16	2964	PC	1.1470926e-08
16	2964	PH	1.1470926e-08
16	2964	Other	0.9999999
16	2965	PC	4.5883684e-08
16	2965	PH	4.5883684e-08
16	2965	Other	0.9999999
16	2966	PC	8.029644e-08
16	2966	PH	8.029644e-08
16	2966	Other	0.9999999
16	2967	PC	6.8825514e-08
16	2967	PH	6.8825514e-08
16	2967	Other	0.99999994
16	2968	PC	1.1470926e-08
16	2968	PH	1.1470926e-08
16	2968	Other	0.9999999
16	2969	PC	2.2941835e-08
16	2969	PH	2.2941835e-08
16	2969	Other	0.99999994
16	2970	PC	5.7354594e-08
16	2970	PH	5.7354594e-08
16	2970	Other	0.99999994
16	2971	PC	8.029643e-08
16	2971	PH	8.029643e-08
16	2971	Other	0.99999994
16	2972	PC	0.0
16	2972	PH	0.0
16	2972	Other	0.99999994
16	2973	PC	2.2941846e-08
16	2973	PH	2.2941846e-08
16	2973	Other	0.9999999
16	2974	PC	3.4412764e-08
16	2974	PH	3.4412764e-08
16	2974	Other	0.9999999
16	2975	PC	5.73546e-08
16	2975	PH	5.73546e-08
16	2975	Other	0.9999999
16	2976	PC	6.8825514e-08
16	2976	PH	6.8825514e-08
16	2976	Other	0.99999994
16	2977	PC	5.73546e-08
16	2977	PH	5.73546e-08
16	2977	Other	0.9999999
16	2978	PC	1.0323827e-07
16	2978	PH	1.0323827e-07
16	2978	Other	0.9999999
16	2979	PC	3.4412764e-08
16	2979	PH	3.4412764e-08
16	2979	Other	0.9999999
16	2980	PC	2.2941846e-08
16	2980	PH	2.2941846e-08
16	2980	Other	0.9999999
16	2981	PC	5.7354594e-08
16	2981	PH	5.7354594e-08
16	2981	Other	0.9999999
16	2982	PC	3.4412764e-08
16	2982	PH	3.4412764e-08
16	2982	Other	0.9999999
16	2983	PC	6.8825514e-08
16	2983	PH	6.8825514e-08
16	2983	Other	0.99999994
16	2984	PC	3.4412764e-08
16	2984	PH	3.4412764e-08
16	2984	Other	0.9999999
16	2985	PC	2.2941846e-08
16	2985	PH	2.2941846e-08
16	2985	Other	0.9999999
16	2986	PC	5.7354594e-08
16	2986	PH	5.7354594e-08
16	2986	Other	0.9999999
16	2987	PC	1.1470926e-08
16	2987	PH	1.1470926e-08
16	2987	Other	0.9999999
16	2988	PC	2.2941846e-08
16	2988	PH	2.2941846e-08
16	2988	Other	0.9999999
16	2989	PC	6.8825514e-08
16	2989	PH	6.8825514e-08
16	2989	Other	0.99999994
16	2990	PC	0.0
16	2990	PH	0.0
16	2990	Other	0.99999994
16	2991	PC	0.0
16	2991	PH	0.01219011
16	2991	Other	0.98780996
16	2992	PC	8.029643e-08
16	2992	PH	8.029643e-08
16	2992	Other	0.9999999
16	2993	PC	3.4412764e-08
16	2993	PH	3.4412764e-08
16	2993	Other	0.9999999
16	2994	PC	1.0323827e-07
16	2994	PH	1.0323827e-07
16	2994	Other	0.9999999
16	2995	PC	3.4412764e-08
16	2995	PH	3.4412764e-08
16	2995	Other	0.9999999
16	2996	PC	5.73546e-08
16	2996	PH	5.73546e-08
16	2996	Other	0.9999999
16	2997	PC	5.7354594e-08
16	2997	PH	5.7354594e-08
16	2997	Other	0.99999994
16	2998	PC	0.0
16	2998	PH	0.0
16	2998	Other	0.99999994
16	2999	PC	8.029644e-08
16	2999	PH	8.029644e-08
16	2999	Other	0.9999999
16	3000	PC	4.5883677e-08
16	3000	PH	4.5883677e-08
16	3000	Other	0.99999994
16	3001	PC	3.4412757e-08
16	3001	PH	3.4412757e-08
16	3001	Other	1.0
16	3002	PC	3.4412764e-08
16	3002	PH	3.4412764e-08
16	3002	Other	0.9999999
16	3003	PC	5.7354594e-08
16	3003	PH	5.7354594e-08
16	3003	Other	0.99999994
16	3004	PC	3.4412757e-08
16	3004	PH	3.4412757e-08
16	3004	Other	1.0
16	3005	PC	3.4412764e-08
16	3005	PH	3.4412764e-08
16	3005	Other	0.9999999
16	3006	PC	3.4412764e-08
16	3006	PH	3.4412764e-08
16	3006	Other	0.9999999
16	3007	PC	5.73546e-08
16	3007	PH	5.73546e-08
16	3007	Other	0.9999999
16	3008	PC	1.0323827e-07
16	3008	PH	1.0323827e-07
16	3008	Other	0.9999999
16	3009	PC	1.1470926e-08
16	3009	PH	1.1470926e-08
16	3009	Other	0.9999999
16	3010	PC	2.2941846e-08
16	3010	PH	2.2941846e-08
16	3010	Other	0.9999999
16	3011	PC	0.0
16	3011	PH	0.0
16	3011	Other	0.99999994
16	3012	PC	2.2941835e-08
16	3012	PH	2.2941835e-08
16	3012	Other	0.9999999
16	3013	PC	0.0
16	3013	PH	0.0
16	3013	Other	0.99999994
16	3014	PC	7.697547e-15
16	3014	PH	7.697547e-15
16	3014	Other	0.9999999
16	3015	PC	0.0
16	3015	PH	0.0
16	3015	Other	0.99999994
16	3016	PC	6.882552e-08
16	3016	PH	6.882552e-08
16	3016	Other	0.9999999
16	3017	PC	2.2941846e-08
16	3017	PH	2.2941846e-08
16	3017	Other	0.9999999
16	3018	PC	3.4412764e-08
16	3018	PH	3.4412764e-08
16	3018	Other	0.9999999
16	3019	PC	4.5883677e-08
16	3019	PH	4.5883677e-08
16	3019	Other	0.99999994
16	3020	PC	9.176735e-08
16	3020	PH	9.176735e-08
16	3020	Other	0.9999999
16	3021	PC	2.2941846e-08
16	3021	PH	2.2941846e-08
16	3021	Other	0.9999999
16	3022	PC	8.029643e-08
16	3022	PH	8.029643e-08
16	3022	Other	0.99999994
16	3023	PC	0.0
16	3023	PH	0.0
16	3023	Other	0.99999994
16	3024	PC	5.73546e-08
16	3024	PH	5.73546e-08
16	3024	Other	0.9999999
16	3025	PC	2.2941835e-08
16	3025	PH	2.2941835e-08
16	3025	Other	0.99999994
16	3026	PC	1.03238264e-07
16	3026	PH	1.03238264e-07
16	3026	Other	0.9999999
16	3027	PC	3.4412764e-08
16	3027	PH	3.4412764e-08
16	3027	Other	0.9999999
16	3028	PC	7.697547e-15
16	3028	PH	7.697547e-15
16	3028	Other	0.9999999
16	3029	PC	0.0
16	3029	PH	0.0
16	3029	Other	0.99999994
16	3030	PC	3.4412764e-08
16	3030	PH	3.4412764e-08
16	3030	Other	0.9999999
16	3031	PC	4.5883684e-08
16	3031	PH	4.5883684e-08
16	3031	Other	0.9999999
16	3032	PC	2.2941837e-08
16	3032	PH	2.2941837e-08
16	3032	Other	1.0
16	3033	PC	0.0
16	3033	PH	0.0
16	3033	Other	0.99999994
16	3034	PC	1.1470926e-08
16	3034	PH	1.1470926e-08
16	3034	Other	0.9999999
16	3035	PC	0.0
16	3035	PH	0.0
16	3035	Other	0.99999994
16	3036	PC	0.0
16	3036	PH	0.0
16	3036	Other	0.99999994
16	3037	PC	0.0
16	3037	PH	0.0
16	3037	Other	0.99999994
16	3038	PC	5.7354594e-08
16	3038	PH	5.7354594e-08
16	3038	Other	0.99999994
16	3039	PC	5.7354594e-08
16	3039	PH	5.7354594e-08
16	3039	Other	0.99999994
16	3040	PC	1.0323827e-07
16	3040	PH	1.0323827e-07
16	3040	Other	0.9999999
16	3041	PC	5.7354594e-08
16	3041	PH	5.7354594e-08
16	3041	Other	0.9999999
16	3042	PC	2.2941837e-08
16	3042	PH	2.2941837e-08
16	3042	Other	1.0
17	3043	PC	1.0323912e-07
17	3043	PH	1.0323912e-07
17	3043	Other	0.9999999
17	3044	PC	4.5883674e-08
17	3044	PH	4.5883674e-08
17	3044	Other	0.99999994
17	3045	PC	1.03238264e-07
17	3045	PH	1.03238264e-07
17	3045	Other	0.9999999
17	3046	PC	4.5883684e-08
17	3046	PH	4.5883684e-08
17	3046	Other	0.9999999
17	3047	PC	8.029644e-08
17	3047	PH	8.029644e-08
17	3047	Other	0.9999999
17	3048	PC	4.5883684e-08
17	3048	PH	4.5883684e-08
17	3048	Other	0.9999999
17	3049	PC	3.4412764e-08
17	3049	PH	3.4412764e-08
17	3049	Other	0.9999999
17	3050	PC	3.4412754e-08
17	3050	PH	3.4412754e-08
17	3050	Other	0.9999999
17	3051	PC	0.8324164
17	3051	PH	0.16758367
17	3051	Other	0.0
17	3052	PC	0.8324164
17	3052	PH	0.16758367
17	3052	Other	0.0
17	3053	PC	5.7354594e-08
17	3053	PH	5.7354594e-08
17	3053	Other	0.9999999
17	3054	PC	0.8324164
17	3054	PH	0.16758367
17	3054	Other	0.0
17	3055	PC	0.00044897196
17	3055	PH	0.00044897196
17	3055	Other	0.999102
17	3056	PC	0.0017399461
17	3056	PH	0.0
17	3056	Other	0.99826014
17	3057	PC	0.0008418591
17	3057	PH	0.0
17	3057	Other	0.99915814
17	3058	PC	0.5643438
17	3058	PH	0.4356563
17	3058	Other	0.0
17	3059	PC	0.0007872488
17	3059	PH	0.0007872488
17	3059	Other	0.99842536
17	3060	PC	0.0015748237
17	3060	PH	0.0
17	3060	Other	0.99842525
17	3061	PC	1.0
17	3061	PH	0.0
17	3061	Other	0.0
17	3062	PC	0.0005761385
17	3062	PH	0.0005761385
17	3062	Other	0.9988476
17	3063	PC	0.0023042462
17	3063	PH	0.0
17	3063	Other	0.9976957
17	3064	PC	0.0011518013
17	3064	PH	0.0
17	3064	Other	0.9988481
17	3065	PC	1.0
17	3065	PH	0.0
17	3065	Other	0.0
17	3066	PC	0.00057606964
17	3066	PH	0.00057606964
17	3066	Other	0.99884796
17	3067	PC	0.0023041845
17	3067	PH	0.0
17	3067	Other	0.9976958
17	3068	PC	0.0011523308
17	3068	PH	0.0
17	3068	Other	0.9988477
17	3069	PC	1.0
17	3069	PH	0.0
17	3069	Other	0.0
17	3070	PC	0.00067873416
17	3070	PH	0.00067873416
17	3070	Other	0.99864256
17	3071	PC	0.0013575399
17	3071	PH	0.0
17	3071	Other	0.99864244
17	3072	PC	0.5722209
17	3072	PH	0.4277792
17	3072	Other	0.0
17	3073	PC	3.4412764e-08
17	3073	PH	3.4412764e-08
17	3073	Other	0.9999999
17	3074	PC	0.9806362
17	3074	PH	0.0
17	3074	Other	0.019363841
17	3075	PC	6.882552e-08
17	3075	PH	6.882552e-08
17	3075	Other	0.9999999
17	3076	PC	2.2941846e-08
17	3076	PH	2.2941846e-08
17	3076	Other	0.9999999
17	3077	PC	0.0
17	3077	PH	0.0
17	3077	Other	0.99999994
17	3078	PC	8.029643e-08
17	3078	PH	8.029643e-08
17	3078	Other	0.99999994
17	3079	PC	3.4412754e-08
17	3079	PH	3.4412754e-08
17	3079	Other	0.9999999
17	3080	PC	9.176735e-08
17	3080	PH	9.176735e-08
17	3080	Other	0.9999999
17	3081	PC	8.029643e-08
17	3081	PH	8.029643e-08
17	3081	Other	0.99999994
17	3082	PC	3.4412754e-08
17	3082	PH	3.4412754e-08
17	3082	Other	0.9999999
17	3083	PC	8.029644e-08
17	3083	PH	8.029644e-08
17	3083	Other	0.9999999
17	3084	PC	5.73546e-08
17	3084	PH	5.73546e-08
17	3084	Other	0.9999999
17	3085	PC	1.1470926e-08
17	3085	PH	1.1470926e-08
17	3085	Other	0.9999999
17	3086	PC	5.7354594e-08
17	3086	PH	5.7354594e-08
17	3086	Other	0.99999994
17	3087	PC	0.0
17	3087	PH	0.0
17	3087	Other	0.99999994
17	3088	PC	0.0
17	3088	PH	0.0
17	3088	Other	0.99999994
17	3089	PC	0.0
17	3089	PH	0.0
17	3089	Other	0.99999994
17	3090	PC	5.7354594e-08
17	3090	PH	5.7354594e-08
17	3090	Other	0.99999994
17	3091	PC	0.0
17	3091	PH	0.0
17	3091	Other	0.99999994
17	3092	PC	3.4412764e-08
17	3092	PH	3.4412764e-08
17	3092	Other	0.9999999
17	3093	PC	3.4412764e-08
17	3093	PH	3.4412764e-08
17	3093	Other	0.9999999
17	3094	PC	4.5883677e-08
17	3094	PH	4.5883677e-08
17	3094	Other	0.9999999
17	3095	PC	9.1767355e-08
17	3095	PH	9.1767355e-08
17	3095	Other	0.9999999
17	3096	PC	3.4412764e-08
17	3096	PH	3.4412764e-08
17	3096	Other	0.9999999
17	3097	PC	0.0
17	3097	PH	0.98410714
17	3097	Other	0.015892845
17	3098	PC	5.73546e-08
17	3098	PH	5.73546e-08
17	3098	Other	0.9999999
17	3099	PC	5.7347574e-08
17	3099	PH	0.9999999
17	3099	Other	3.4408348e-08
17	3100	PC	5.73546e-08
17	3100	PH	5.73546e-08
17	3100	Other	0.9999999
17	3101	PC	0.19588923
17	3101	PH	0.80411077
17	3101	Other	0.0
17	3102	PC	3.4412764e-08
17	3102	PH	3.4412764e-08
17	3102	Other	0.9999999
17	3103	PC	0.0
17	3103	PH	0.0
17	3103	Other	0.99999994
17	3104	PC	1.1470926e-08
17	3104	PH	1.1470926e-08
17	3104	Other	0.9999999
17	3105	PC	3.4412757e-08
17	3105	PH	3.4412757e-08
17	3105	Other	0.99999994
17	3106	PC	0.0
17	3106	PH	0.9965466
17	3106	Other	0.0034533748
17	3107	PC	9.176735e-08
17	3107	PH	9.176735e-08
17	3107	Other	0.9999999
17	3108	PC	3.4412764e-08
17	3108	PH	3.4412764e-08
17	3108	Other	0.9999999
17	3109	PC	2.2941835e-08
17	3109	PH	2.2941835e-08
17	3109	Other	0.9999999
17	3110	PC	3.4412754e-08
17	3110	PH	3.4412754e-08
17	3110	Other	0.9999999
17	3111	PC	4.5883684e-08
17	3111	PH	4.5883684e-08
17	3111	Other	0.9999999
17	3112	PC	1.0323827e-07
17	3112	PH	1.0323827e-07
17	3112	Other	0.9999999
17	3113	PC	1.0323827e-07
17	3113	PH	1.0323827e-07
17	3113	Other	0.9999999
17	3114	PC	0.0
17	3114	PH	0.0
17	3114	Other	0.99999994
17	3115	PC	3.4412754e-08
17	3115	PH	3.4412754e-08
17	3115	Other	0.9999999
17	3116	PC	0.0
17	3116	PH	0.0
17	3116	Other	0.99999994
17	3117	PC	5.73546e-08
17	3117	PH	5.73546e-08
17	3117	Other	0.9999999
17	3118	PC	4.5883677e-08
17	3118	PH	4.5883677e-08
17	3118	Other	0.99999994
17	3119	PC	4.5883674e-08
17	3119	PH	4.5883674e-08
17	3119	Other	0.99999994
17	3120	PC	7.697547e-15
17	3120	PH	7.697547e-15
17	3120	Other	0.9999999
17	3121	PC	0.0
17	3121	PH	0.0
17	3121	Other	0.99999994
17	3122	PC	4.5883677e-08
17	3122	PH	4.5883677e-08
17	3122	Other	1.0
