14	2452	PC	0.113935344
14	2452	PH	0.07550233
14	2452	Other	0.8105624
14	2453	PC	0.5377898
14	2453	PH	0.0
14	2453	Other	0.46221018
14	2454	PC	0.48899055
14	2454	PH	0.18708345
14	2454	Other	0.32392603
14	2455	PC	0.5014114
14	2455	PH	0.22343433
14	2455	Other	0.2751543
14	2456	PC	0.50201094
14	2456	PH	0.23913151
14	2456	Other	0.25885755
14	2457	PC	0.50306374
14	2457	PH	0.24363127
14	2457	Other	0.25330502
14	2458	PC	0.50282705
14	2458	PH	0.24547471
14	2458	Other	0.25169823
14	2459	PC	0.4981518
14	2459	PH	0.24902157
14	2459	Other	0.25282663
14	2460	PC	0.5035999
14	2460	PH	0.24631253
14	2460	Other	0.25008765
14	2461	PC	0.5034008
14	2461	PH	0.24637155
14	2461	Other	0.2502277
14	2462	PC	0.50338244
14	2462	PH	0.24638233
14	2462	Other	0.2502352
14	2463	PC	0.50332046
14	2463	PH	0.24641365
14	2463	Other	0.2502659
14	2464	PC	0.5024581
14	2464	PH	0.24684858
14	2464	Other	0.25069338
14	2465	PC	0.5023613
14	2465	PH	0.24690178
14	2465	Other	0.25073695
14	2466	PC	0.5033547
14	2466	PH	0.24640638
14	2466	Other	0.25023896
14	2467	PC	0.5024604
14	2467	PH	0.24684715
14	2467	Other	0.25069246
14	2468	PC	0.50235856
14	2468	PH	0.24690284
14	2468	Other	0.25073865
14	2469	PC	0.5034276
14	2469	PH	0.24636972
14	2469	Other	0.25020272
14	2470	PC	0.50338435
14	2470	PH	0.24638113
14	2470	Other	0.2502345
14	2471	PC	0.5033206
14	2471	PH	0.24641365
14	2471	Other	0.25026578
14	2472	PC	0.50245833
14	2472	PH	0.24684843
14	2472	Other	0.25069323
14	2473	PC	0.5023588
14	2473	PH	0.24690291
14	2473	Other	0.2507383
14	2474	PC	0.503428
14	2474	PH	0.2463697
14	2474	Other	0.25020236
14	2475	PC	0.50338894
14	2475	PH	0.24637884
14	2475	Other	0.25023228
14	2476	PC	0.5033862
14	2476	PH	0.24638051
14	2476	Other	0.2502333
14	2477	PC	0.503386
14	2477	PH	0.2463806
14	2477	Other	0.2502334
14	2478	PC	0.50338596
14	2478	PH	0.24638057
14	2478	Other	0.25023347
14	2479	PC	0.50338566
14	2479	PH	0.2463808
14	2479	Other	0.25023347
14	2480	PC	0.5033814
14	2480	PH	0.24638292
14	2480	Other	0.25023568
14	2481	PC	0.50332034
14	2481	PH	0.24641374
14	2481	Other	0.25026596
14	2482	PC	0.5024582
14	2482	PH	0.24684852
14	2482	Other	0.25069326
14	2483	PC	0.50236106
14	2483	PH	0.24690177
14	2483	Other	0.2507372
14	2484	PC	0.5033622
14	2484	PH	0.24640255
14	2484	Other	0.25023532
14	2485	PC	0.502555
14	2485	PH	0.24679941
14	2485	Other	0.2506456
14	2486	PC	0.50221086
14	2486	PH	0.24696049
14	2486	Other	0.25082865
14	2487	PC	0.50218356
14	2487	PH	0.24693593
14	2487	Other	0.2508805
14	2488	PC	0.50250524
14	2488	PH	0.24672383
14	2488	Other	0.25077093
14	2489	PC	0.5034977
14	2489	PH	0.2461046
14	2489	Other	0.25039768
14	2490	PC	0.503489
14	2490	PH	0.24555212
14	2490	Other	0.25095892
14	2491	PC	0.5036868
14	2491	PH	0.24396363
14	2491	Other	0.2523496
14	2492	PC	0.5044475
14	2492	PH	0.2393507
14	2492	Other	0.2562018
14	2493	PC	0.50562716
14	2493	PH	0.226067
14	2493	Other	0.2683058
14	2494	PC	0.48953032
14	2494	PH	0.187174
14	2494	Other	0.3232957
14	2495	PC	0.13090959
14	2495	PH	0.09895095
14	2495	Other	0.77013946
14	2496	PC	0.043180216
14	2496	PH	0.03918742
14	2496	Other	0.91763234
14	2497	PC	0.021197736
14	2497	PH	0.020203166
14	2497	Other	0.9585991
14	2498	PC	0.031199452
14	2498	PH	0.020883417
14	2498	Other	0.9479171
14	2499	PC	0.14062597
14	2499	PH	0.0
14	2499	Other	0.85937405
14	2500	PC	0.13991591
14	2500	PH	0.0
14	2500	Other	0.86008406
14	2501	PC	0.03574222
14	2501	PH	0.020316139
14	2501	Other	0.9439416
14	2502	PC	0.010333805
14	2502	PH	0.008612586
14	2502	Other	0.9810536
14	2503	PC	0.0033305539
14	2503	PH	0.0030859082
14	2503	Other	0.99358356
14	2504	PC	0.0011136439
14	2504	PH	0.0010634991
14	2504	Other	0.9978229
14	2505	PC	0.00038054746
14	2505	PH	0.00036687157
14	2505	Other	0.9992526
14	2506	PC	0.00014287962
14	2506	PH	0.00013888825
14	2506	Other	0.9997183
14	2507	PC	9.041905e-05
14	2507	PH	8.87663e-05
14	2507	Other	0.99982095
14	2508	PC	0.00014284418
14	2508	PH	0.00014481998
14	2508	Other	0.9997122
14	2509	PC	0.00036589097
14	2509	PH	0.0003452129
14	2509	Other	0.99928886
14	2510	PC	0.0011337802
14	2510	PH	0.00077852653
14	2510	Other	0.99808776
14	2511	PC	0.003800118
14	2511	PH	0.0014043312
14	2511	Other	0.99479556
14	2512	PC	0.0075754314
14	2512	PH	0.0066124545
14	2512	Other	0.9858122
14	2513	PC	0.017022928
14	2513	PH	0.021663511
14	2513	Other	0.9613136
14	2514	PC	0.0432621
14	2514	PH	0.062228575
14	2514	Other	0.8945093
14	2515	PC	0.0
14	2515	PH	0.33131027
14	2515	Other	0.6686898
14	2516	PC	0.0
14	2516	PH	0.3436041
14	2516	Other	0.6563959
14	2517	PC	0.07030347
14	2517	PH	0.13233532
14	2517	Other	0.79736125
14	2518	PC	0.0
14	2518	PH	0.3034488
14	2518	Other	0.6965512
14	2519	PC	0.04731543
14	2519	PH	0.0763806
14	2519	Other	0.8763039
14	2520	PC	0.019947102
14	2520	PH	0.022242736
14	2520	Other	0.95781016
14	2521	PC	0.0073774084
14	2521	PH	0.0074312547
14	2521	Other	0.98519135
14	2522	PC	0.0032817735
14	2522	PH	0.003220062
14	2522	Other	0.99349815
14	2523	PC	0.0032866083
14	2523	PH	0.0032817535
14	2523	Other	0.9934316
14	2524	PC	0.008195527
14	2524	PH	0.005622375
14	2524	Other	0.98618203
14	2525	PC	0.02175919
14	2525	PH	0.014419297
14	2525	Other	0.96382153
14	2526	PC	0.11268227
14	2526	PH	0.0
14	2526	Other	0.8873178
14	2527	PC	0.029169513
14	2527	PH	0.016814973
14	2527	Other	0.9540155
14	2528	PC	0.009473273
14	2528	PH	0.008111592
14	2528	Other	0.9824151
14	2529	PC	0.0061448216
14	2529	PH	0.0058358274
14	2529	Other	0.98801935
14	2530	PC	0.0111978
14	2530	PH	0.009145655
14	2530	Other	0.9796565
14	2531	PC	0.03975544
14	2531	PH	0.011197823
14	2531	Other	0.9490468
14	2532	PC	0.05822482
14	2532	PH	0.07905814
14	2532	Other	0.86271703
14	2533	PC	0.010704339
14	2533	PH	0.41098756
14	2533	Other	0.5783081
14	2534	PC	0.21321276
14	2534	PH	0.39698339
14	2534	Other	0.38980383
14	2535	PC	0.26228964
14	2535	PH	0.41268706
14	2535	Other	0.32502332
14	2536	PC	0.28254357
14	2536	PH	0.41374916
14	2536	Other	0.3037073
14	2537	PC	0.28818
14	2537	PH	0.4154073
14	2537	Other	0.29641277
14	2538	PC	0.29043287
14	2538	PH	0.41556215
14	2538	Other	0.29400498
14	2539	PC	0.29107833
14	2539	PH	0.41573817
14	2539	Other	0.29318348
14	2540	PC	0.2913292
14	2540	PH	0.4157592
14	2540	Other	0.29291165
14	2541	PC	0.29140294
14	2541	PH	0.41577792
14	2541	Other	0.2928191
14	2542	PC	0.29143083
14	2542	PH	0.41578066
14	2542	Other	0.29278854
14	2543	PC	0.2914392
14	2543	PH	0.4157826
14	2543	Other	0.29277816
14	2544	PC	0.29144245
14	2544	PH	0.41578296
14	2544	Other	0.29277462
14	2545	PC	0.2914434
14	2545	PH	0.4157832
14	2545	Other	0.2927734
14	2546	PC	0.29144374
14	2546	PH	0.41578323
14	2546	Other	0.29277298
14	2547	PC	0.29144388
14	2547	PH	0.41578323
14	2547	Other	0.29277283
14	2548	PC	0.29144388
14	2548	PH	0.41578323
14	2548	Other	0.29277292
14	2549	PC	0.2914439
14	2549	PH	0.4157833
14	2549	Other	0.2927728
14	2550	PC	0.29144394
14	2550	PH	0.4157833
14	2550	Other	0.29277283
14	2551	PC	0.29144394
14	2551	PH	0.41578323
14	2551	Other	0.29277283
14	2552	PC	0.29144397
14	2552	PH	0.41578326
14	2552	Other	0.29277283
14	2553	PC	0.29144394
14	2553	PH	0.41578323
14	2553	Other	0.29277283
14	2554	PC	0.2914438
14	2554	PH	0.4157833
14	2554	Other	0.29277295
14	2555	PC	0.29144335
14	2555	PH	0.41578332
14	2555	Other	0.2927733
14	2556	PC	0.29144198
14	2556	PH	0.4157836
14	2556	Other	0.29277438
14	2557	PC	0.291438
14	2557	PH	0.41578394
14	2557	Other	0.29277807
14	2558	PC	0.2914261
14	2558	PH	0.41578665
14	2558	Other	0.29278725
14	2559	PC	0.2913915
14	2559	PH	0.41578883
14	2559	Other	0.29281977
14	2560	PC	0.29128742
14	2560	PH	0.41581392
14	2560	Other	0.2928987
14	2561	PC	0.29098597
14	2561	PH	0.4158283
14	2561	Other	0.29318577
14	2562	PC	0.29007608
14	2562	PH	0.4160622
14	2562	Other	0.29386172
14	2563	PC	0.2874503
14	2563	PH	0.41613865
14	2563	Other	0.29641104
14	2564	PC	0.27949348
14	2564	PH	0.41097322
14	2564	Other	0.30953333
14	2565	PC	0.21004531
14	2565	PH	0.5471919
14	2565	Other	0.24276279
14	2566	PC	0.28593874
14	2566	PH	0.4253307
14	2566	Other	0.2887306
14	2567	PC	0.29080498
14	2567	PH	0.41652274
14	2567	Other	0.29267234
14	2568	PC	0.29050303
14	2568	PH	0.41594952
14	2568	Other	0.2935475
14	2569	PC	0.28900802
14	2569	PH	0.41622597
14	2569	Other	0.29476604
14	2570	PC	0.28441983
14	2570	PH	0.4165248
14	2570	Other	0.29905537
14	2571	PC	0.2705364
14	2571	PH	0.408593
14	2571	Other	0.3208706
14	2572	PC	0.22237784
14	2572	PH	0.334954
14	2572	Other	0.4426682
14	2573	PC	0.11165801
14	2573	PH	0.12163216
14	2573	Other	0.7667098
14	2574	PC	0.10069673
14	2574	PH	0.10837639
14	2574	Other	0.7909268
14	2575	PC	0.050192624
14	2575	PH	0.41272876
14	2575	Other	0.5370786
14	2576	PC	0.22482379
14	2576	PH	0.4001649
14	2576	Other	0.37501132
14	2577	PC	0.27000403
14	2577	PH	0.41197658
14	2577	Other	0.3180194
14	2578	PC	0.28585014
14	2578	PH	0.42006058
14	2578	Other	0.29408926
14	2579	PC	0.36170724
14	2579	PH	0.386233
14	2579	Other	0.25205976
14	2580	PC	0.30044225
14	2580	PH	0.40469685
14	2580	Other	0.29486087
14	2581	PC	0.29181713
14	2581	PH	0.4156962
14	2581	Other	0.2924866
14	2582	PC	0.29128504
14	2582	PH	0.41583312
14	2582	Other	0.29288188
14	2583	PC	0.29056478
14	2583	PH	0.41585815
14	2583	Other	0.29357708
14	2584	PC	0.28866798
14	2584	PH	0.41637123
14	2584	Other	0.29496077
14	2585	PC	0.28330383
14	2585	PH	0.4162042
14	2585	Other	0.300492
14	2586	PC	0.26686013
14	2586	PH	0.40186387
14	2586	Other	0.33127597
14	2587	PC	0.20627132
14	2587	PH	0.31781977
14	2587	Other	0.47590894
14	2588	PC	0.084714584
14	2588	PH	0.093308166
14	2588	Other	0.82197726
14	2589	PC	0.030176908
14	2589	PH	0.030270016
14	2589	Other	0.93955314
14	2590	PC	0.010487449
14	2590	PH	0.010250792
14	2590	Other	0.97926176
14	2591	PC	0.0039347694
14	2591	PH	0.0038371657
14	2591	Other	0.99222803
14	2592	PC	0.0024370386
14	2592	PH	0.0023928643
14	2592	Other	0.9951701
14	2593	PC	0.004378673
14	2593	PH	0.0032391895
14	2593	Other	0.99238217
14	2594	PC	0.009368171
14	2594	PH	0.009368208
14	2594	Other	0.98126364
14	2595	PC	0.009368199
14	2595	PH	0.040976327
14	2595	Other	0.94965553
14	2596	PC	0.05807916
14	2596	PH	0.07892768
14	2596	Other	0.8629931
14	2597	PC	0.010524304
14	2597	PH	0.410957
14	2597	Other	0.57851875
14	2598	PC	0.21306157
14	2598	PH	0.3969198
14	2598	Other	0.3900187
14	2599	PC	0.26171133
14	2599	PH	0.41278774
14	2599	Other	0.32550097
14	2600	PC	0.28182346
14	2600	PH	0.41298378
14	2600	Other	0.30519277
14	2601	PC	0.28287852
14	2601	PH	0.4166577
14	2601	Other	0.3004638
14	2602	PC	0.27618396
14	2602	PH	0.41473538
14	2602	Other	0.30908063
14	2603	PC	0.24742663
14	2603	PH	0.36205307
14	2603	Other	0.39052033
14	2604	PC	0.16283724
14	2604	PH	0.18196753
14	2604	Other	0.65519524
14	2605	PC	0.12193406
14	2605	PH	0.41609415
14	2605	Other	0.46197176
14	2606	PC	0.2430443
14	2606	PH	0.40481693
14	2606	Other	0.35213876
14	2607	PC	0.26898938
14	2607	PH	0.41265628
14	2607	Other	0.3183543
14	2608	PC	0.26879936
14	2608	PH	0.41155428
14	2608	Other	0.31964636
14	2609	PC	0.23395802
14	2609	PH	0.33822292
14	2609	Other	0.42781907
14	2610	PC	0.17421429
14	2610	PH	0.08552333
14	2610	Other	0.7402624
14	2611	PC	0.049766567
14	2611	PH	0.0401737
14	2611	Other	0.9100598
14	2612	PC	0.01909314
14	2612	PH	0.01789463
14	2612	Other	0.9630121
14	2613	PC	0.016050464
14	2613	PH	0.015776517
14	2613	Other	0.968174
14	2614	PC	0.031104881
14	2614	PH	0.031155162
14	2614	Other	0.9377406
14	2615	PC	0.09386094
14	2615	PH	0.066871464
14	2615	Other	0.839254
14	2616	PC	0.47487795
14	2616	PH	0.013758601
14	2616	Other	0.5113766
14	2617	PC	0.7229365
14	2617	PH	0.0
14	2617	Other	0.27710038
15	2618	PC	2.6124468e-07
15	2618	PH	2.6453992e-07
15	2618	Other	0.9999995
15	2619	PC	2.9059385e-07
15	2619	PH	7.595622e-07
15	2619	Other	0.999999
15	2620	PC	1.4250155e-06
15	2620	PH	1.4481327e-06
15	2620	Other	0.99999714
15	2621	PC	1.4481315e-06
15	2621	PH	6.208596e-06
15	2621	Other	0.9999924
15	2622	PC	8.924823e-06
15	2622	PH	1.164572e-05
15	2622	Other	0.9999795
15	2623	PC	2.7160671e-05
15	2623	PH	2.8721626e-05
15	2623	Other	0.9999441
15	2624	PC	7.64039e-05
15	2624	PH	7.608294e-05
15	2624	Other	0.9998476
15	2625	PC	0.00020757387
15	2625	PH	0.00020807632
15	2625	Other	0.9995843
15	2626	PC	0.0005666699
15	2626	PH	0.0005666745
15	2626	Other	0.99886656
15	2627	PC	0.00056677073
15	2627	PH	0.002524048
15	2627	Other	0.9969092
15	2628	PC	0.0039764475
15	2628	PH	0.004451585
15	2628	Other	0.9915719
15	2629	PC	0.011528987
15	2629	PH	0.01145285
15	2629	Other	0.9770181
15	2630	PC	0.05113868
15	2630	PH	0.01152898
15	2630	Other	0.9373323
15	2631	PC	0.10277654
15	2631	PH	0.06810756
15	2631	Other	0.82911587
15	2632	PC	0.5348388
15	2632	PH	0.0
15	2632	Other	0.46516126
15	2633	PC	0.48917997
15	2633	PH	0.18596537
15	2633	Other	0.32485467
15	2634	PC	0.50129837
15	2634	PH	0.22323002
15	2634	Other	0.27547157
15	2635	PC	0.5020206
15	2635	PH	0.2390648
15	2635	Other	0.25891462
15	2636	PC	0.503073
15	2636	PH	0.24374008
15	2636	Other	0.2531869
15	2637	PC	0.50324214
15	2637	PH	0.24550591
15	2637	Other	0.25125194
15	2638	PC	0.5033423
15	2638	PH	0.24605809
15	2638	Other	0.25059962
15	2639	PC	0.50329626
15	2639	PH	0.2462893
15	2639	Other	0.25041443
15	2640	PC	0.50243
15	2640	PH	0.24686289
15	2640	Other	0.2507071
15	2641	PC	0.4897924
15	2641	PH	0.25004184
15	2641	Other	0.26016575
15	2642	PC	0.50522196
15	2642	PH	0.24022494
15	2642	Other	0.25455308
15	2643	PC	0.5018347
15	2643	PH	0.22883601
15	2643	Other	0.2693293
15	2644	PC	0.4395907
15	2644	PH	0.19299173
15	2644	Other	0.36741757
15	2645	PC	0.11998748
15	2645	PH	0.09356503
15	2645	Other	0.7864475
15	2646	PC	0.03786886
15	2646	PH	0.034433782
15	2646	Other	0.9276973
15	2647	PC	0.012589086
15	2647	PH	0.011958976
15	2647	Other	0.97545195
15	2648	PC	0.004321073
15	2648	PH	0.004161786
15	2648	Other	0.9915172
15	2649	PC	0.0017026698
15	2649	PH	0.0016599428
15	2649	Other	0.99663746
15	2650	PC	0.0012974048
15	2650	PH	0.0012824469
15	2650	Other	0.9974202
15	2651	PC	0.0025551224
15	2651	PH	0.002182304
15	2651	Other	0.9952625
15	2652	PC	0.0035883763
15	2652	PH	0.008487605
15	2652	Other	0.9879239
15	2653	PC	0.009338434
15	2653	PH	0.02328239
15	2653	Other	0.9673792
15	2654	PC	0.036432877
15	2654	PH	0.05240544
15	2654	Other	0.91116166
15	2655	PC	0.0
15	2655	PH	0.2789694
15	2655	Other	0.7210306
15	2656	PC	0.04346509
15	2656	PH	0.07018835
15	2656	Other	0.8863465
15	2657	PC	0.018250102
15	2657	PH	0.020358032
15	2657	Other	0.9613918
15	2658	PC	0.006524122
15	2658	PH	0.006567497
15	2658	Other	0.9869083
15	2659	PC	0.002243567
15	2659	PH	0.0021934775
15	2659	Other	0.9955629
15	2660	PC	0.00076351064
15	2660	PH	0.0007402829
15	2660	Other	0.9984962
15	2661	PC	0.0002592013
15	2661	PH	0.00025072825
15	2661	Other	0.99949014
15	2662	PC	8.8105924e-05
15	2662	PH	8.518106e-05
15	2662	Other	0.9998267
15	2663	PC	3.0364687e-05
15	2663	PH	2.938048e-05
15	2663	Other	0.9999403
15	2664	PC	1.1521695e-05
15	2664	PH	1.1214294e-05
15	2664	Other	0.99997735
15	2665	PC	7.340995e-06
15	2665	PH	7.2112616e-06
15	2665	Other	0.99998546
15	2666	PC	1.1660463e-05
15	2666	PH	1.1685791e-05
15	2666	Other	0.99997663
15	2667	PC	1.1696307e-05
15	2667	PH	4.6071786e-05
15	2667	Other	0.9999423
15	2668	PC	5.0355473e-05
15	2668	PH	0.00010506759
15	2668	Other	0.9998447
15	2669	PC	0.00021502729
15	2669	PH	0.00020784077
15	2669	Other	0.99957716
15	2670	PC	0.0006194443
15	2670	PH	0.0005334229
15	2670	Other	0.99884725
15	2671	PC	0.0016546469
15	2671	PH	0.0014886347
15	2671	Other	0.9968567
15	2672	PC	0.0045709284
15	2672	PH	0.004000343
15	2672	Other	0.9914288
15	2673	PC	0.017271332
15	2673	PH	0.006100933
15	2673	Other	0.9766278
15	2674	PC	0.018958313
15	2674	PH	0.044774044
15	2674	Other	0.93626773
15	2675	PC	0.07127076
15	2675	PH	0.10251657
15	2675	Other	0.82621264
15	2676	PC	0.0
15	2676	PH	0.54580706
15	2676	Other	0.45419294
15	2677	PC	0.2379443
15	2677	PH	0.41624832
15	2677	Other	0.34580743
15	2678	PC	0.27607536
15	2678	PH	0.41234893
15	2678	Other	0.31157577
15	2679	PC	0.2837821
15	2679	PH	0.41476202
15	2679	Other	0.30145591
15	2680	PC	0.28198242
15	2680	PH	0.41693884
15	2680	Other	0.30107874
15	2681	PC	0.2681339
15	2681	PH	0.40552813
15	2681	Other	0.326338
15	2682	PC	0.21450129
15	2682	PH	0.3268472
15	2682	Other	0.45865148
15	2683	PC	0.09853823
15	2683	PH	0.108370215
15	2683	Other	0.79309154
15	2684	PC	0.06454788
15	2684	PH	0.07373758
15	2684	Other	0.8617145
15	2685	PC	0.0
15	2685	PH	0.28960073
15	2685	Other	0.71039927
15	2686	PC	0.045122594
15	2686	PH	0.072864175
15	2686	Other	0.8820132
15	2687	PC	0.01894836
15	2687	PH	0.021136707
15	2687	Other	0.9599149
15	2688	PC	0.0067808214
15	2688	PH	0.0068261353
15	2688	Other	0.9863931
15	2689	PC	0.0023527713
15	2689	PH	0.0023015593
15	2689	Other	0.99534565
15	2690	PC	0.0008627406
15	2690	PH	0.00084028195
15	2690	Other	0.998297
15	2691	PC	0.00047942594
15	2691	PH	0.0004685858
15	2691	Other	0.9990519
15	2692	PC	0.00064482447
15	2692	PH	0.0007000732
15	2692	Other	0.99865514
15	2693	PC	0.0018351715
15	2693	PH	0.0013772303
15	2693	Other	0.99678755
15	2694	PC	0.0042726924
15	2694	PH	0.004320622
15	2694	Other	0.9914067
15	2695	PC	0.006082846
15	2695	PH	0.01728878
15	2695	Other	0.9766284
15	2696	PC	0.026596488
15	2696	PH	0.037111867
15	2696	Other	0.9362917
15	2697	PC	0.07124047
15	2697	PH	0.102473065
15	2697	Other	0.82628644
15	2698	PC	0.0
15	2698	PH	0.5455722
15	2698	Other	0.4544278
15	2699	PC	0.23688239
15	2699	PH	0.416018
15	2699	Other	0.34709963
15	2700	PC	0.27240717
15	2700	PH	0.4120046
15	2700	Other	0.31558824
15	2701	PC	0.27558196
15	2701	PH	0.41080934
15	2701	Other	0.31360868
15	2702	PC	0.20283844
15	2702	PH	0.557315
15	2702	Other	0.23984653
15	2703	PC	0.28551665
15	2703	PH	0.4260624
15	2703	Other	0.28842092
15	2704	PC	0.291012
15	2704	PH	0.4165328
15	2704	Other	0.29245514
15	2705	PC	0.29119825
15	2705	PH	0.415875
15	2705	Other	0.29292673
15	2706	PC	0.29092473
15	2706	PH	0.41583747
15	2706	Other	0.29323775
15	2707	PC	0.28996396
15	2707	PH	0.4160837
15	2707	Other	0.2939523
15	2708	PC	0.28714567
15	2708	PH	0.41616705
15	2708	Other	0.29668725
15	2709	PC	0.27859038
15	2709	PH	0.41062215
15	2709	Other	0.31078744
15	2710	PC	0.20402212
15	2710	PH	0.5568792
15	2710	Other	0.23909865
15	2711	PC	0.2713957
15	2711	PH	0.42273414
15	2711	Other	0.30587018
15	2712	PC	0.20475632
15	2712	PH	0.55664885
15	2712	Other	0.23859489
15	2713	PC	0.26003018
15	2713	PH	0.41927522
15	2713	Other	0.32069463
15	2714	PC	0.16633357
15	2714	PH	0.56675017
15	2714	Other	0.26691628
15	2715	PC	0.057148907
15	2715	PH	0.3705182
15	2715	Other	0.572333
15	2716	PC	0.06171059
15	2716	PH	0.098581225
15	2716	Other	0.8397082
15	2717	PC	0.13966097
15	2717	PH	0.0
15	2717	Other	0.86033905
15	2718	PC	0.03567705
15	2718	PH	0.020279065
15	2718	Other	0.9440439
15	2719	PC	0.010314803
15	2719	PH	0.008596709
15	2719	Other	0.9810885
15	2720	PC	0.003323875
15	2720	PH	0.0030796516
15	2720	Other	0.99359655
15	2721	PC	0.0011098197
15	2721	PH	0.0010597012
15	2721	Other	0.9978305
15	2722	PC	0.00037453868
15	2722	PH	0.0003607076
15	2722	Other	0.9992648
15	2723	PC	0.0001268163
15	2723	PH	0.00012243322
15	2723	Other	0.99975073
15	2724	PC	4.295005e-05
15	2724	PH	4.1494386e-05
15	2724	Other	0.9999155
15	2725	PC	1.4614318e-05
15	2725	PH	1.41248e-05
15	2725	Other	0.99997115
15	2726	PC	5.0333183e-06
15	2726	PH	4.8683983e-06
15	2726	Other	0.9999901
15	2727	PC	1.8209209e-06
15	2727	PH	1.7654698e-06
15	2727	Other	0.9999964
15	2728	PC	7.2224884e-07
15	2728	PH	7.0415143e-07
15	2728	Other	0.99999857
15	2729	PC	4.3991332e-07
15	2729	PH	4.3184122e-07
15	2729	Other	0.99999905
15	2730	PC	9.705636e-07
15	2730	PH	6.797709e-07
15	2730	Other	0.99999833
15	2731	PC	2.1168912e-06
15	2731	PH	1.879389e-06
15	2731	Other	0.999996
15	2732	PC	5.5048017e-06
15	2732	PH	5.3898416e-06
15	2732	Other	0.99998915
15	2733	PC	1.417147e-05
15	2733	PH	1.5234517e-05
15	2733	Other	0.9999707
15	2734	PC	3.848911e-05
15	2734	PH	4.1420368e-05
15	2734	Other	0.9999201
15	2735	PC	4.1618405e-05
15	2735	PH	0.00017610584
15	2735	Other	0.99978226
15	2736	PC	0.00029698425
15	2736	PH	0.00029683608
15	2736	Other	0.9994062
15	2737	PC	0.0013222775
15	2737	PH	0.0002969839
15	2737	Other	0.99838066
15	2738	PC	0.0023524207
15	2738	PH	0.0020632772
15	2738	Other	0.99558425
15	2739	PC	0.009553808
15	2739	PH	0.0024873463
15	2739	Other	0.9879589
15	2740	PC	0.018229749
15	2740	PH	0.0146040395
15	2740	Other	0.9671662
15	2741	PC	0.0367175
15	2741	PH	0.052814774
15	2741	Other	0.91046774
15	2742	PC	0.0
15	2742	PH	0.2811904
15	2742	Other	0.7188096
15	2743	PC	0.04957573
15	2743	PH	0.07627763
15	2743	Other	0.8741467
15	2744	PC	0.032926116
15	2744	PH	0.037552353
15	2744	Other	0.92952156
15	2745	PC	0.041148454
15	2745	PH	0.059188344
15	2745	Other	0.8996632
15	2746	PC	0.0
15	2746	PH	0.28144157
15	2746	Other	0.71855843
15	2747	PC	0.043850265
15	2747	PH	0.07081035
15	2747	Other	0.8853394
15	2748	PC	0.018411757
15	2748	PH	0.020538364
15	2748	Other	0.9610498
15	2749	PC	0.0065819602
15	2749	PH	0.006625718
15	2749	Other	0.9867923
15	2750	PC	0.0022633972
15	2750	PH	0.0022128627
15	2750	Other	0.9955237
15	2751	PC	0.00077024294
15	2751	PH	0.00074680836
15	2751	Other	0.99848294
15	2752	PC	0.00026140606
15	2752	PH	0.00025285545
15	2752	Other	0.99948573
15	2753	PC	8.8664456e-05
15	2753	PH	8.570823e-05
15	2753	Other	0.9998256
15	2754	PC	3.0140785e-05
15	2754	PH	2.91337e-05
15	2754	Other	0.99994075
15	2755	PC	1.0310576e-05
15	2755	PH	9.968335e-06
15	2755	Other	0.99997973
15	2756	PC	3.5351059e-06
15	2756	PH	3.419668e-06
15	2756	Other	0.99999297
15	2757	PC	1.3463167e-06
15	2757	PH	1.3078122e-06
15	2757	Other	0.9999974
15	2758	PC	5.789972e-07
15	2758	PH	5.650377e-07
15	2758	Other	0.9999989
15	2759	PC	2.467856e-07
15	2759	PH	2.4184075e-07
15	2759	Other	0.9999995
15	2760	PC	1.8127827e-07
15	2760	PH	1.7992355e-07
15	2760	Other	0.99999964
15	2761	PC	1.3741978e-07
15	2761	PH	1.3686468e-07
15	2761	Other	0.99999976
15	2762	PC	1.3634343e-07
15	2762	PH	1.3602339e-07
15	2762	Other	0.99999976
15	2763	PC	1.2501205e-07
15	2763	PH	1.2480099e-07
15	2763	Other	0.99999976
15	2764	PC	1.16626e-07
15	2764	PH	1.16486255e-07
15	2764	Other	0.99999976
15	2765	PC	1.1080124e-07
15	2765	PH	1.10696355e-07
15	2765	Other	0.99999976
15	2766	PC	1.0629886e-07
15	2766	PH	1.06208105e-07
15	2766	Other	0.99999976
15	2767	PC	1.0238362e-07
15	2767	PH	1.0229843e-07
15	2767	Other	0.99999976
15	2768	PC	9.873531e-08
15	2768	PH	9.865367e-08
15	2768	Other	0.99999976
15	2769	PC	9.526628e-08
15	2769	PH	9.5188554e-08
15	2769	Other	0.99999976
15	2770	PC	9.197817e-08
15	2770	PH	9.190476e-08
15	2770	Other	0.99999976
15	2771	PC	8.88855e-08
15	2771	PH	8.8814005e-08
15	2771	Other	0.99999976
15	2772	PC	8.599757e-08
15	2772	PH	8.590122e-08
15	2772	Other	0.99999976
15	2773	PC	8.341229e-08
15	2773	PH	8.301708e-08
15	2773	Other	0.99999994
15	2774	PC	5.0600914e-08
15	2774	PH	5.0203496e-08
15	2774	Other	0.9999999
15	2775	PC	4.7250523e-08
15	2775	PH	4.6718323e-08
15	2775	Other	0.9999999
15	2776	PC	0.0
15	2776	PH	0.0
15	2776	Other	0.99999994
15	2777	PC	0.0
15	2777	PH	0.0
15	2777	Other	0.99999994
15	2778	PC	5.994889e-08
15	2778	PH	5.9383545e-08
15	2778	Other	0.9999999
15	2779	PC	5.2491025e-08
15	2779	PH	5.176801e-08
15	2779	Other	0.9999999
15	2780	PC	4.2821423e-08
15	2780	PH	4.2180563e-08
15	2780	Other	0.9999999
15	2781	PC	4.2971717e-08
15	2781	PH	4.277752e-08
15	2781	Other	0.9999999
15	2782	PC	4.633278e-08
15	2782	PH	4.6159705e-08
15	2782	Other	0.9999999
15	2783	PC	4.9464028e-08
15	2783	PH	4.8956444e-08
15	2783	Other	0.9999999
15	2784	PC	6.7251335e-08
15	2784	PH	6.6019155e-08
15	2784	Other	0.9999999
15	2785	PC	0.0
15	2785	PH	0.0
15	2785	Other	1.0
15	2786	PC	2.2201426e-08
15	2786	PH	2.207563e-08
15	2786	Other	1.0
15	2787	PC	1.0298677e-07
15	2787	PH	1.0284493e-07
15	2787	Other	0.9999999
15	2788	PC	9.90689e-08
15	2788	PH	9.8610066e-08
15	2788	Other	0.9999999
15	2789	PC	7.0281594e-08
15	2789	PH	6.986232e-08
15	2789	Other	0.9999999
15	2790	PC	7.0281715e-08
15	2790	PH	6.9760524e-08
15	2790	Other	0.99999994
15	2791	PC	3.6459877e-08
15	2791	PH	3.5797285e-08
15	2791	Other	0.9999998
15	2792	PC	7.033554e-08
15	2792	PH	7.003608e-08
15	2792	Other	0.9999999
15	2793	PC	2.0954032e-07
15	2793	PH	2.1383855e-07
15	2793	Other	0.99999964
15	2794	PC	2.1715057e-07
15	2794	PH	7.242859e-07
15	2794	Other	0.99999905
15	2795	PC	1.0770659e-06
15	2795	PH	1.4860291e-06
15	2795	Other	0.99999744
15	2796	PC	3.3256574e-06
15	2796	PH	3.5947253e-06
15	2796	Other	0.999993
15	2797	PC	9.47867e-06
15	2797	PH	9.52058e-06
15	2797	Other	0.99998105
15	2798	PC	2.5104624e-05
15	2798	PH	2.6649228e-05
15	2798	Other	0.9999483
15	2799	PC	7.024838e-05
15	2799	PH	7.057057e-05
15	2799	Other	0.9998592
15	2800	PC	7.059911e-05
15	2800	PH	0.00031327072
15	2800	Other	0.99961615
15	2801	PC	0.00040352085
15	2801	PH	0.000643262
15	2801	Other	0.9989532
15	2802	PC	0.0013418513
15	2802	PH	0.0015127345
15	2802	Other	0.9971454
15	2803	PC	0.0038674567
15	2803	PH	0.003916427
15	2803	Other	0.99221617
15	2804	PC	0.010544807
15	2804	PH	0.010680705
15	2804	Other	0.97877455
15	2805	PC	0.034810197
15	2805	PH	0.023067923
15	2805	Other	0.9421219
15	2806	PC	0.18114875
15	2806	PH	0.0
15	2806	Other	0.8188513
16	2807	PC	4.619968e-08
16	2807	PH	4.6006473e-08
16	2807	Other	0.9999999
16	2808	PC	4.647591e-08
16	2808	PH	4.6330843e-08
16	2808	Other	0.9999999
16	2809	PC	4.3019742e-08
16	2809	PH	4.281808e-08
16	2809	Other	0.9999999
16	2810	PC	1.2129443e-07
16	2810	PH	8.427999e-08
16	2810	Other	0.99999976
16	2811	PC	2.3542799e-07
16	2811	PH	2.014203e-07
16	2811	Other	0.9999996
16	2812	PC	5.2130326e-07
16	2812	PH	4.8937477e-07
16	2812	Other	0.9999989
16	2813	PC	2.355629e-06
16	2813	PH	5.663755e-07
16	2813	Other	0.99999714
16	2814	PC	5.164065e-06
16	2814	PH	2.3725759e-06
16	2814	Other	0.99999243
16	2815	PC	1.0293478e-05
16	2815	PH	1.0282014e-05
16	2815	Other	0.9999794
16	2816	PC	4.585753e-05
16	2816	PH	1.0290499e-05
16	2816	Other	0.99994373
16	2817	PC	7.656447e-05
16	2817	PH	7.678797e-05
16	2817	Other	0.9998467
16	2818	PC	7.691857e-05
16	2818	PH	0.00034087463
16	2818	Other	0.9995822
16	2819	PC	0.00044432294
16	2819	PH	0.0006947847
16	2819	Other	0.99886084
16	2820	PC	0.001990989
16	2820	PH	0.0011152278
16	2820	Other	0.99689376
16	2821	PC	0.0042313356
16	2821	PH	0.004238676
16	2821	Other	0.99152994
16	2822	PC	0.0042388067
16	2822	PH	0.018857792
16	2822	Other	0.97690344
16	2823	PC	0.026010688
16	2823	PH	0.03696982
16	2823	Other	0.93701947
16	2824	PC	0.103289545
16	2824	PH	0.06844759
16	2824	Other	0.82826287
16	2825	PC	0.5375086
16	2825	PH	0.0
16	2825	Other	0.4624914
16	2826	PC	0.4776668
16	2826	PH	0.19584312
16	2826	Other	0.32649004
16	2827	PC	0.5024763
16	2827	PH	0.22164488
16	2827	Other	0.27587885
16	2828	PC	0.5012469
16	2828	PH	0.23920278
16	2828	Other	0.2595503
16	2829	PC	0.49974746
16	2829	PH	0.24587366
16	2829	Other	0.2543789
16	2830	PC	0.50338143
16	2830	PH	0.24505597
16	2830	Other	0.25156263
16	2831	PC	0.501173
16	2831	PH	0.2474245
16	2831	Other	0.2514025
16	2832	PC	0.5025169
16	2832	PH	0.24678802
16	2832	Other	0.25069502
16	2833	PC	0.5016384
16	2833	PH	0.24726771
16	2833	Other	0.25109392
16	2834	PC	0.48982632
16	2834	PH	0.25251323
16	2834	Other	0.25766048
16	2835	PC	0.50276387
16	2835	PH	0.24608144
16	2835	Other	0.25115466
16	2836	PC	0.4899016
16	2836	PH	0.25250232
16	2836	Other	0.25759608
16	2837	PC	0.5027567
16	2837	PH	0.24615495
16	2837	Other	0.25108835
16	2838	PC	0.5023099
16	2838	PH	0.2468235
16	2838	Other	0.2508666
16	2839	PC	0.50335747
16	2839	PH	0.246343
16	2839	Other	0.25029957
16	2840	PC	0.5024675
16	2840	PH	0.24684364
16	2840	Other	0.25068885
16	2841	PC	0.502282
16	2841	PH	0.24694386
16	2841	Other	0.25077412
16	2842	PC	0.5005361
16	2842	PH	0.24782498
16	2842	Other	0.25163895
16	2843	PC	0.5024667
16	2843	PH	0.24686515
16	2843	Other	0.25066817
16	2844	PC	0.50236046
16	2844	PH	0.24690221
16	2844	Other	0.25073737
16	2845	PC	0.5033548
16	2845	PH	0.24640638
16	2845	Other	0.2502389
16	2846	PC	0.50246084
16	2846	PH	0.24684691
16	2846	Other	0.2506923
16	2847	PC	0.50235355
16	2847	PH	0.24690786
16	2847	Other	0.25073862
16	2848	PC	0.501722
16	2848	PH	0.24721298
16	2848	Other	0.25106505
16	2849	PC	0.50260305
16	2849	PH	0.2467655
16	2849	Other	0.25063142
16	2850	PC	0.50208294
16	2850	PH	0.24671717
16	2850	Other	0.25119993
16	2851	PC	0.5025365
16	2851	PH	0.24623346
16	2851	Other	0.2512301
16	2852	PC	0.5021179
16	2852	PH	0.24496832
16	2852	Other	0.2529138
16	2853	PC	0.503428
16	2853	PH	0.24095532
16	2853	Other	0.25561672
16	2854	PC	0.5018351
16	2854	PH	0.22971237
16	2854	Other	0.26845253
16	2855	PC	0.4432711
16	2855	PH	0.19516687
16	2855	Other	0.36156207
16	2856	PC	0.13976201
16	2856	PH	0.09020942
16	2856	Other	0.7700286
16	2857	PC	0.1711739
16	2857	PH	0.0
16	2857	Other	0.82882607
16	2858	PC	0.14798835
16	2858	PH	0.0
16	2858	Other	0.8520117
16	2859	PC	0.037806932
16	2859	PH	0.021491326
16	2859	Other	0.9407017
16	2860	PC	0.010937743
16	2860	PH	0.009117526
16	2860	Other	0.9799447
16	2861	PC	0.0035453038
16	2861	PH	0.0032872562
16	2861	Other	0.9931674
16	2862	PC	0.0012450258
16	2862	PH	0.0011931497
16	2862	Other	0.9975618
16	2863	PC	0.0006054075
16	2863	PH	0.00058466557
16	2863	Other	0.9988098
16	2864	PC	0.00060542615
16	2864	PH	0.000828718
16	2864	Other	0.9985658
16	2865	PC	0.0014739188
16	2865	PH	0.0017726909
16	2865	Other	0.99675333
16	2866	PC	0.00465683
16	2866	PH	0.00395291
16	2866	Other	0.9913902
16	2867	PC	0.016888456
16	2867	PH	0.0064997426
16	2867	Other	0.97661173
16	2868	PC	0.025833126
16	2868	PH	0.03790999
16	2868	Other	0.9362568
16	2869	PC	0.07127793
16	2869	PH	0.1025269
16	2869	Other	0.82619524
16	2870	PC	0.0
16	2870	PH	0.5458572
16	2870	Other	0.45414284
16	2871	PC	0.23816903
16	2871	PH	0.41629797
16	2871	Other	0.34553307
16	2872	PC	0.2768424
16	2872	PH	0.41243315
16	2872	Other	0.3107245
16	2873	PC	0.28593606
16	2873	PH	0.41517872
16	2873	Other	0.29888517
16	2874	PC	0.28947645
16	2874	PH	0.41525388
16	2874	Other	0.2952697
16	2875	PC	0.2892514
16	2875	PH	0.41616592
16	2875	Other	0.29458266
16	2876	PC	0.28690702
16	2876	PH	0.41619927
16	2876	Other	0.2968937
16	2877	PC	0.2785153
16	2877	PH	0.41063493
16	2877	Other	0.31084973
16	2878	PC	0.20388246
16	2878	PH	0.5570825
16	2878	Other	0.2390351
16	2879	PC	0.28192353
16	2879	PH	0.42631352
16	2879	Other	0.29176295
16	2880	PC	0.2770754
16	2880	PH	0.41179675
16	2880	Other	0.31112784
16	2881	PC	0.2036725
16	2881	PH	0.5571245
16	2881	Other	0.23920299
16	2882	PC	0.2855246
16	2882	PH	0.42604834
16	2882	Other	0.28842708
16	2883	PC	0.29101408
16	2883	PH	0.41652876
16	2883	Other	0.29245716
16	2884	PC	0.29141274
16	2884	PH	0.41583744
16	2884	Other	0.29274988
16	2885	PC	0.29143953
16	2885	PH	0.41578758
16	2885	Other	0.29277295
16	2886	PC	0.29143673
16	2886	PH	0.41578436
16	2886	Other	0.29277897
16	2887	PC	0.2914245
16	2887	PH	0.41578686
16	2887	Other	0.29278862
16	2888	PC	0.29138747
16	2888	PH	0.41578925
16	2888	Other	0.29282326
16	2889	PC	0.2912756
16	2889	PH	0.41581616
16	2889	Other	0.2929083
16	2890	PC	0.29095143
16	2890	PH	0.4158318
16	2890	Other	0.29321685
16	2891	PC	0.28997284
16	2891	PH	0.41608298
16	2891	Other	0.29394418
16	2892	PC	0.28714854
16	2892	PH	0.4161666
16	2892	Other	0.2966849
16	2893	PC	0.2785911
16	2893	PH	0.41062194
16	2893	Other	0.3107869
16	2894	PC	0.20402277
16	2894	PH	0.55687845
16	2894	Other	0.23909882
16	2895	PC	0.2713518
16	2895	PH	0.42272222
16	2895	Other	0.3059259
16	2896	PC	0.20451161
16	2896	PH	0.5570394
16	2896	Other	0.238449
16	2897	PC	0.2819246
16	2897	PH	0.42631054
16	2897	Other	0.29176486
16	2898	PC	0.27707547
16	2898	PH	0.41179633
16	2898	Other	0.31112823
16	2899	PC	0.2036708
16	2899	PH	0.55712724
16	2899	Other	0.239202
16	2900	PC	0.2855023
16	2900	PH	0.42609298
16	2900	Other	0.2884047
16	2901	PC	0.2879064
16	2901	PH	0.41707414
16	2901	Other	0.29501945
16	2902	PC	0.2839458
16	2902	PH	0.41659734
16	2902	Other	0.29945686
16	2903	PC	0.27008498
16	2903	PH	0.40872413
16	2903	Other	0.32119095
16	2904	PC	0.22141121
16	2904	PH	0.3357901
16	2904	Other	0.4427987
16	2905	PC	0.103236884
16	2905	PH	0.12996638
16	2905	Other	0.7667967
16	2906	PC	0.0
16	2906	PH	0.3100074
16	2906	Other	0.68999267
16	2907	PC	0.04830103
16	2907	PH	0.07799751
16	2907	Other	0.8737015
16	2908	PC	0.02028057
16	2908	PH	0.022623021
16	2908	Other	0.95709634
16	2909	PC	0.007249976
16	2909	PH	0.007298177
16	2909	Other	0.9854518
16	2910	PC	0.0024932106
16	2910	PH	0.0024375478
16	2910	Other	0.99506915
16	2911	PC	0.0008484625
16	2911	PH	0.000822649
16	2911	Other	0.9983289
16	2912	PC	0.00028794358
16	2912	PH	0.0002785249
16	2912	Other	0.9994335
16	2913	PC	9.7683616e-05
16	2913	PH	9.442728e-05
16	2913	Other	0.99980783
16	2914	PC	3.3206434e-05
16	2914	PH	3.209665e-05
16	2914	Other	0.9999347
16	2915	PC	1.1328948e-05
16	2915	PH	1.0951763e-05
16	2915	Other	0.9999777
16	2916	PC	3.8870776e-06
16	2916	PH	3.758952e-06
16	2916	Other	0.9999924
16	2917	PC	1.3662194e-06
16	2917	PH	1.3229808e-06
16	2917	Other	0.99999726
16	2918	PC	5.33186e-07
16	2918	PH	5.1842994e-07
16	2918	Other	0.9999989
16	2919	PC	2.1706263e-07
16	2919	PH	2.1226506e-07
16	2919	Other	0.9999995
16	2920	PC	1.5750868e-07
16	2920	PH	1.5628014e-07
16	2920	Other	0.99999964
16	2921	PC	1.3437757e-07
16	2921	PH	1.3380897e-07
16	2921	Other	0.99999964
16	2922	PC	1.9737537e-07
16	2922	PH	1.9594499e-07
16	2922	Other	0.99999964
16	2923	PC	1.3550832e-07
16	2923	PH	1.3443004e-07
16	2923	Other	0.9999997
16	2924	PC	1.7045278e-07
16	2924	PH	1.7006786e-07
16	2924	Other	0.99999964
16	2925	PC	5.53678e-07
16	2925	PH	5.4584905e-07
16	2925	Other	0.9999989
16	2926	PC	1.4207419e-06
16	2926	PH	1.4126219e-06
16	2926	Other	0.99999714
16	2927	PC	3.3783874e-06
16	2927	PH	4.281892e-06
16	2927	Other	0.9999924
16	2928	PC	7.672314e-06
16	2928	PH	1.3242926e-05
16	2928	Other	0.99997914
16	2929	PC	2.8349796e-05
16	2929	PH	2.8533947e-05
16	2929	Other	0.99994314
16	2930	PC	2.853393e-05
16	2930	PH	0.0001265657
16	2930	Other	0.9998449
16	2931	PC	0.00020937884
16	2931	PH	0.00021338859
16	2931	Other	0.99957716
16	2932	PC	0.00021351733
16	2932	PH	0.0009393966
16	2932	Other	0.9988471
16	2933	PC	0.0015715453
16	2933	PH	0.001571875
16	2933	Other	0.99685645
16	2934	PC	0.0015719744
16	2934	PH	0.00700009
16	2934	Other	0.9914279
16	2935	PC	0.010470888
16	2935	PH	0.012903806
16	2935	Other	0.9766253
16	2936	PC	0.029328257
16	2936	PH	0.034410197
16	2936	Other	0.9362615
16	2937	PC	0.07127765
16	2937	PH	0.102526374
16	2937	Other	0.8261959
16	2938	PC	0.0
16	2938	PH	0.54586005
16	2938	Other	0.45414004
16	2939	PC	0.23818219
16	2939	PH	0.41630143
16	2939	Other	0.34551644
16	2940	PC	0.2768821
16	2940	PH	0.41244495
16	2940	Other	0.31067306
16	2941	PC	0.2860951
16	2941	PH	0.4151702
16	2941	Other	0.29873472
16	2942	PC	0.28977928
16	2942	PH	0.41541874
16	2942	Other	0.29480195
16	2943	PC	0.29081452
16	2943	PH	0.41570473
16	2943	Other	0.2934808
16	2944	PC	0.29116416
16	2944	PH	0.41572982
16	2944	Other	0.29310602
16	2945	PC	0.29106715
16	2945	PH	0.41586608
16	2945	Other	0.29306674
16	2946	PC	0.29053992
16	2946	PH	0.41586235
16	2946	Other	0.2935977
16	2947	PC	0.28880477
16	2947	PH	0.4163515
16	2947	Other	0.2948437
16	2948	PC	0.28377968
16	2948	PH	0.41631335
16	2948	Other	0.2999069
16	2949	PC	0.2684167
16	2949	PH	0.40469825
16	2949	Other	0.32688504
16	2950	PC	0.21307716
16	2950	PH	0.32503533
16	2950	Other	0.46188748
16	2951	PC	0.096188955
16	2951	PH	0.105146565
16	2951	Other	0.79866445
16	2952	PC	0.06104296
16	2952	PH	0.062077817
16	2952	Other	0.8768792
16	2953	PC	0.07847509
16	2953	PH	0.11287925
16	2953	Other	0.80864567
16	2954	PC	0.0
16	2954	PH	0.54803294
16	2954	Other	0.45196706
16	2955	PC	0.24903268
16	2955	PH	0.40469608
16	2955	Other	0.34627125
16	2956	PC	0.19127691
16	2956	PH	0.5598495
16	2956	Other	0.2488736
16	2957	PC	0.25682533
16	2957	PH	0.42214698
16	2957	Other	0.32102773
16	2958	PC	0.18706541
16	2958	PH	0.51907027
16	2958	Other	0.29386434
16	2959	PC	0.10566099
16	2959	PH	0.13477603
16	2959	Other	0.75956297
16	2960	PC	0.039885093
16	2960	PH	0.041698217
16	2960	Other	0.9184166
16	2961	PC	0.013909116
16	2961	PH	0.013745863
16	2961	Other	0.972345
16	2962	PC	0.004751133
16	2962	PH	0.0046207225
16	2962	Other	0.9906281
16	2963	PC	0.001613699
16	2963	PH	0.0015622585
16	2963	Other	0.996824
16	2964	PC	0.00054725603
16	2964	PH	0.0005291252
16	2964	Other	0.99892366
16	2965	PC	0.00018557308
16	2965	PH	0.00017936157
16	2965	Other	0.9996351
16	2966	PC	6.295928e-05
16	2966	PH	6.084763e-05
16	2966	Other	0.99987614
16	2967	PC	2.1399683e-05
16	2967	PH	2.0683583e-05
16	2967	Other	0.9999579
16	2968	PC	7.3331344e-06
16	2968	PH	7.0905394e-06
16	2968	Other	0.9999856
16	2969	PC	2.5653117e-06
16	2969	PH	2.4829533e-06
16	2969	Other	0.99999493
16	2970	PC	9.3871853e-07
16	2970	PH	9.104482e-07
16	2970	Other	0.99999815
16	2971	PC	3.597365e-07
16	2971	PH	3.5039906e-07
16	2971	Other	0.9999993
16	2972	PC	2.1191983e-07
16	2972	PH	2.0917771e-07
16	2972	Other	0.9999995
16	2973	PC	1.57852e-07
16	2973	PH	1.5706973e-07
16	2973	Other	0.99999964
16	2974	PC	1.5357244e-07
16	2974	PH	1.534178e-07
16	2974	Other	0.99999976
16	2975	PC	1.4985696e-07
16	2975	PH	1.497714e-07
16	2975	Other	0.99999976
16	2976	PC	1.4158779e-07
16	2976	PH	1.4141584e-07
16	2976	Other	0.99999964
16	2977	PC	4.7700877e-07
16	2977	PH	4.7185011e-07
16	2977	Other	0.99999905
16	2978	PC	1.2155429e-06
16	2978	PH	1.2134765e-06
16	2978	Other	0.9999976
16	2979	PC	3.2124435e-06
16	2979	PH	3.2295636e-06
16	2979	Other	0.99999356
16	2980	PC	3.2295616e-06
16	2980	PH	1.4261966e-05
16	2980	Other	0.9999826
16	2981	PC	2.3063712e-05
16	2981	PH	2.418688e-05
16	2981	Other	0.9999526
16	2982	PC	6.466159e-05
16	2982	PH	6.4641565e-05
16	2982	Other	0.9998707
16	2983	PC	0.00028808537
16	2983	PH	6.471033e-05
16	2983	Other	0.99964726
16	2984	PC	0.000579972
16	2984	PH	0.00038189837
16	2984	Other	0.9990381
16	2985	PC	0.0011911425
16	2985	PH	0.0014317926
16	2985	Other	0.9973771
16	2986	PC	0.0034982318
16	2986	PH	0.0036541058
16	2986	Other	0.9928476
16	2987	PC	0.01584948
16	2987	PH	0.003654163
16	2987	Other	0.9804964
16	2988	PC	0.02626159
16	2988	PH	0.026921356
16	2988	Other	0.9468171
16	2989	PC	0.066684216
16	2989	PH	0.07833669
16	2989	Other	0.8549791
16	2990	PC	0.04010511
16	2990	PH	0.38216305
16	2990	Other	0.57773185
16	2991	PC	0.092482224
16	2991	PH	0.5533918
16	2991	Other	0.35412598
16	2992	PC	0.2642539
16	2992	PH	0.42188704
16	2992	Other	0.31385905
16	2993	PC	0.27747092
16	2993	PH	0.4159524
16	2993	Other	0.30657664
16	2994	PC	0.26531863
16	2994	PH	0.40289968
16	2994	Other	0.3317817
16	2995	PC	0.20759194
16	2995	PH	0.3198729
16	2995	Other	0.4725352
16	2996	PC	0.087809406
16	2996	PH	0.09656549
16	2996	Other	0.8156251
16	2997	PC	0.038808346
16	2997	PH	0.03915629
16	2997	Other	0.9220354
16	2998	PC	0.035999443
16	2998	PH	0.03601438
16	2998	Other	0.92798615
16	2999	PC	0.062499397
16	2999	PH	0.083216295
16	2999	Other	0.8542843
16	3000	PC	0.01524454
16	3000	PH	0.41120532
16	3000	Other	0.5735501
16	3001	PC	0.21450561
16	3001	PH	0.39730984
16	3001	Other	0.38818455
16	3002	PC	0.26277936
16	3002	PH	0.41273472
16	3002	Other	0.32448593
16	3003	PC	0.28269088
16	3003	PH	0.41378427
16	3003	Other	0.30352488
16	3004	PC	0.28823465
16	3004	PH	0.41541314
16	3004	Other	0.29635218
16	3005	PC	0.29044956
16	3005	PH	0.41556597
16	3005	Other	0.29398447
16	3006	PC	0.2910844
16	3006	PH	0.41573894
16	3006	Other	0.29317662
16	3007	PC	0.29133114
16	3007	PH	0.41575956
16	3007	Other	0.29290932
16	3008	PC	0.2914036
16	3008	PH	0.41577798
16	3008	Other	0.2928185
16	3009	PC	0.2914309
16	3009	PH	0.41578072
16	3009	Other	0.29278845
16	3010	PC	0.29143906
16	3010	PH	0.41578224
16	3010	Other	0.29277873
16	3011	PC	0.29143983
16	3011	PH	0.4157835
16	3011	Other	0.2927766
16	3012	PC	0.29143625
16	3012	PH	0.4157846
16	3012	Other	0.2927791
16	3013	PC	0.2914228
16	3013	PH	0.415786
16	3013	Other	0.2927912
16	3014	PC	0.29138166
16	3014	PH	0.41579366
16	3014	Other	0.2928247
16	3015	PC	0.2912606
16	3015	PH	0.4158071
16	3015	Other	0.29293233
16	3016	PC	0.29089987
16	3016	PH	0.41587573
16	3016	Other	0.29322433
16	3017	PC	0.28984344
16	3017	PH	0.4159858
16	3017	Other	0.2941708
16	3018	PC	0.28669226
16	3018	PH	0.41660878
16	3018	Other	0.296699
16	3019	PC	0.27747986
16	3019	PH	0.41453373
16	3019	Other	0.30798635
16	3020	PC	0.24787422
16	3020	PH	0.36209178
16	3020	Other	0.390034
16	3021	PC	0.16320916
16	3021	PH	0.18223216
16	3021	Other	0.65455866
16	3022	PC	0.12271821
16	3022	PH	0.41638437
16	3022	Other	0.4608974
16	3023	PC	0.24511242
16	3023	PH	0.40504178
16	3023	Other	0.34984583
16	3024	PC	0.2743749
16	3024	PH	0.41386116
16	3024	Other	0.31176394
16	3025	PC	0.28617808
16	3025	PH	0.41461694
16	3025	Other	0.299205
16	3026	PC	0.28953135
16	3026	PH	0.41555244
16	3026	Other	0.29491624
16	3027	PC	0.29084557
16	3027	PH	0.4156561
16	3027	Other	0.29349834
16	3028	PC	0.29122818
16	3028	PH	0.41575563
16	3028	Other	0.2930162
16	3029	PC	0.2913723
16	3029	PH	0.41576892
16	3029	Other	0.2928588
16	3030	PC	0.2914093
16	3030	PH	0.41577792
16	3030	Other	0.29281276
16	3031	PC	0.2913986
16	3031	PH	0.41579294
16	3031	Other	0.29280847
16	3032	PC	0.29133564
16	3032	PH	0.41579378
16	3032	Other	0.2928706
16	3033	PC	0.2911287
16	3033	PH	0.41584718
16	3033	Other	0.29302418
16	3034	PC	0.2905257
16	3034	PH	0.41586637
16	3034	Other	0.29360795
16	3035	PC	0.28869775
16	3035	PH	0.41636616
16	3035	Other	0.2949361
16	3036	PC	0.28344053
16	3036	PH	0.41623685
16	3036	Other	0.30032265
16	3037	PC	0.26731765
16	3037	PH	0.40269732
16	3037	Other	0.32998502
16	3038	PC	0.20827493
16	3038	PH	0.3199394
16	3038	Other	0.47178566
16	3039	PC	0.08811164
16	3039	PH	0.096766666
16	3039	Other	0.81512165
16	3040	PC	0.039487872
16	3040	PH	0.039385527
16	3040	Other	0.9211266
16	3041	PC	0.04177426
16	3041	PH	0.035015907
16	3041	Other	0.9232098
16	3042	PC	0.18875615
16	3042	PH	0.0
16	3042	Other	0.81124383
17	3043	PC	1.17197405e-05
17	3043	PH	1.1724216e-05
17	3043	Other	0.99997646
17	3044	PC	1.1724209e-05
17	3044	PH	4.5443812e-05
17	3044	Other	0.9999428
17	3045	PC	7.672772e-05
17	3045	PH	7.673228e-05
17	3045	Other	0.99984646
17	3046	PC	7.67882e-05
17	3046	PH	0.00034111956
17	3046	Other	0.99958205
17	3047	PC	0.00056366523
17	3047	PH	0.0005755426
17	3047	Other	0.9988607
17	3048	PC	0.0018828514
17	3048	PH	0.0012234782
17	3048	Other	0.99689364
17	3049	PC	0.005833722
17	3049	PH	0.0026365593
17	3049	Other	0.9915297
17	3050	PC	0.011389133
17	3050	PH	0.011707668
17	3050	Other	0.9769032
17	3051	PC	0.011707658
17	3051	PH	0.051273413
17	3051	Other	0.937019
17	3052	PC	0.10329044
17	3052	PH	0.06844811
17	3052	Other	0.8282614
17	3053	PC	0.53751314
17	3053	PH	0.0
17	3053	Other	0.4624869
17	3054	PC	0.4776435
17	3054	PH	0.19589919
17	3054	Other	0.32645735
17	3055	PC	0.5026757
17	3055	PH	0.22156626
17	3055	Other	0.27575803
17	3056	PC	0.50088906
17	3056	PH	0.23979878
17	3056	Other	0.25931218
17	3057	PC	0.5025618
17	3057	PH	0.24397826
17	3057	Other	0.25346
17	3058	PC	0.503245
17	3058	PH	0.24531698
17	3058	Other	0.25143802
17	3059	PC	0.5024251
17	3059	PH	0.24661809
17	3059	Other	0.25095683
17	3060	PC	0.50234973
17	3060	PH	0.24683988
17	3060	Other	0.25081038
17	3061	PC	0.5033717
17	3061	PH	0.24635743
17	3061	Other	0.25027084
17	3062	PC	0.5026688
17	3062	PH	0.2467421
17	3062	Other	0.25058913
17	3063	PC	0.50197726
17	3063	PH	0.24709457
17	3063	Other	0.25092816
17	3064	PC	0.5026679
17	3064	PH	0.2467503
17	3064	Other	0.2505818
17	3065	PC	0.5033586
17	3065	PH	0.24640408
17	3065	Other	0.25023732
17	3066	PC	0.502668
17	3066	PH	0.24674255
17	3066	Other	0.2505895
17	3067	PC	0.5019774
17	3067	PH	0.24709445
17	3067	Other	0.2509282
17	3068	PC	0.5026684
17	3068	PH	0.24674994
17	3068	Other	0.25058168
17	3069	PC	0.50334775
17	3069	PH	0.24640939
17	3069	Other	0.2502429
17	3070	PC	0.5025298
17	3070	PH	0.2468122
17	3070	Other	0.25065798
17	3071	PC	0.50158644
17	3071	PH	0.24729367
17	3071	Other	0.2511199
17	3072	PC	0.488912
17	3072	PH	0.25086918
17	3072	Other	0.26021883
17	3073	PC	0.50437486
17	3073	PH	0.2412893
17	3073	Other	0.25433582
17	3074	PC	0.49260247
17	3074	PH	0.23124744
17	3074	Other	0.27615005
17	3075	PC	0.43877524
17	3075	PH	0.19375102
17	3075	Other	0.36747372
17	3076	PC	0.119901426
17	3076	PH	0.09363106
17	3076	Other	0.78646755
17	3077	PC	0.037849106
17	3077	PH	0.03442838
17	3077	Other	0.9277226
17	3078	PC	0.0125566805
17	3078	PH	0.011926878
17	3078	Other	0.9755164
17	3079	PC	0.004228981
17	3079	PH	0.004066692
17	3079	Other	0.99170434
17	3080	PC	0.0014306714
17	3080	PH	0.0013806208
17	3080	Other	0.9971887
17	3081	PC	0.00048495084
17	3081	PH	0.00046848043
17	3081	Other	0.9990465
17	3082	PC	0.00016540704
17	3082	PH	0.00015990427
17	3082	Other	0.9996747
17	3083	PC	5.912407e-05
17	3083	PH	5.7319066e-05
17	3083	Other	0.9998835
17	3084	PC	2.9163511e-05
17	3084	PH	2.8307011e-05
17	3084	Other	0.99994254
17	3085	PC	3.5289973e-05
17	3085	PH	3.494454e-05
17	3085	Other	0.9999298
17	3086	PC	8.1617596e-05
17	3086	PH	7.8373894e-05
17	3086	Other	0.9998401
17	3087	PC	0.00025067496
17	3087	PH	0.00017386596
17	3087	Other	0.9995755
17	3088	PC	0.00082182605
17	3088	PH	0.00033158282
17	3088	Other	0.99884665
17	3089	PC	0.0023180288
17	3089	PH	0.000825371
17	3089	Other	0.9968566
17	3090	PC	0.0056290776
17	3090	PH	0.0029420005
17	3090	Other	0.991429
17	3091	PC	0.017350102
17	3091	PH	0.006021315
17	3091	Other	0.97662866
17	3092	PC	0.045571957
17	3092	PH	0.018157793
17	3092	Other	0.9362703
17	3093	PC	0.07126784
17	3093	PH	0.102512226
17	3093	Other	0.8262199
17	3094	PC	0.0
17	3094	PH	0.54578424
17	3094	Other	0.45421582
17	3095	PC	0.23785564
17	3095	PH	0.41621482
17	3095	Other	0.3459295
17	3096	PC	0.27591038
17	3096	PH	0.4121438
17	3096	Other	0.31194586
17	3097	PC	0.29285526
17	3097	PH	0.40469265
17	3097	Other	0.30245206
17	3098	PC	0.28878874
17	3098	PH	0.41645527
17	3098	Other	0.294756
17	3099	PC	0.2893734
17	3099	PH	0.41610986
17	3099	Other	0.2945167
17	3100	PC	0.28695053
17	3100	PH	0.4162021
17	3100	Other	0.2968473
17	3101	PC	0.27854276
17	3101	PH	0.41063958
17	3101	Other	0.31081757
17	3102	PC	0.20400919
17	3102	PH	0.55688214
17	3102	Other	0.23910862
17	3103	PC	0.27137393
17	3103	PH	0.42272854
17	3103	Other	0.30589753
17	3104	PC	0.20463558
17	3104	PH	0.5568416
17	3104	Other	0.23852283
17	3105	PC	0.27152592
17	3105	PH	0.42276585
17	3105	Other	0.3057083
17	3106	PC	0.20547466
17	3106	PH	0.5555018
17	3106	Other	0.23902355
17	3107	PC	0.28197515
17	3107	PH	0.4262012
17	3107	Other	0.2918237
17	3108	PC	0.2771084
17	3108	PH	0.41179222
17	3108	Other	0.31109938
17	3109	PC	0.20380421
17	3109	PH	0.5569149
17	3109	Other	0.23928091
17	3110	PC	0.2575795
17	3110	PH	0.4218701
17	3110	Other	0.32055038
17	3111	PC	0.18780467
17	3111	PH	0.5196685
17	3111	Other	0.2925268
17	3112	PC	0.10776906
17	3112	PH	0.13690165
17	3112	Other	0.75532925
17	3113	PC	0.046299048
17	3113	PH	0.04787342
17	3113	Other	0.9058275
17	3114	PC	0.034561984
17	3114	PH	0.03023632
17	3114	Other	0.93520176
17	3115	PC	0.13763532
17	3115	PH	0.0
17	3115	Other	0.86236465
17	3116	PC	0.06951104
17	3116	PH	0.06825909
17	3116	Other	0.8622299
17	3117	PC	0.0
17	3117	PH	0.2899636
17	3117	Other	0.7100365
17	3118	PC	0.04653212
17	3118	PH	0.07419512
17	3118	Other	0.8792727
17	3119	PC	0.022536598
17	3119	PH	0.02483331
17	3119	Other	0.95263004
17	3120	PC	0.017251918
17	3120	PH	0.017582443
17	3120	Other	0.9651657
17	3121	PC	0.037455358
17	3121	PH	0.024820784
17	3121	Other	0.9377239
17	3122	PC	0.18291792
17	3122	PH	0.0
17	3122	Other	0.8170821
