16	2740	PC	9.126293e-08
16	2740	PH	0.0
16	2740	Other	0.9999999
16	2741	PC	1.3483574e-07
16	2741	PH	0.0
16	2741	Other	0.9999999
16	2742	PC	7.877871e-08
16	2742	PH	0.0
16	2742	Other	0.9999999
16	2743	PC	0.0
16	2743	PH	1.3743518e-07
16	2743	Other	0.9999999
16	2744	PC	1.4936901e-07
16	2744	PH	2.2941837e-08
16	2744	Other	0.9999999
16	2745	PC	1.4522931e-07
16	2745	PH	0.0
16	2745	Other	0.9999999
16	2746	PC	9.6856695e-08
16	2746	PH	0.0
16	2746	Other	0.9999999
16	2747	PC	0.0
16	2747	PH	0.0
16	2747	Other	1.0
16	2748	PC	2.2941837e-08
16	2748	PH	1.4409561e-07
16	2748	Other	0.9999999
16	2749	PC	5.6646076e-08
16	2749	PH	0.0
16	2749	Other	0.9999999
16	2750	PC	0.0
16	2750	PH	1.2869336e-07
16	2750	Other	0.9999999
16	2751	PC	1.2314105e-07
16	2751	PH	0.0
16	2751	Other	0.9999999
16	2752	PC	1.4270559e-07
16	2752	PH	0.0
16	2752	Other	0.9999999
16	2753	PC	0.0
16	2753	PH	1.4856472e-07
16	2753	Other	0.9999999
16	2754	PC	0.0
16	2754	PH	1.3043548e-07
16	2754	Other	0.9999999
16	2755	PC	2.2941837e-08
16	2755	PH	1.539025e-07
16	2755	Other	0.9999999
16	2756	PC	1.4168108e-07
16	2756	PH	0.0
16	2756	Other	0.9999999
16	2757	PC	0.0
16	2757	PH	8.7586464e-08
16	2757	Other	0.9999999
16	2758	PC	3.853564e-08
16	2758	PH	3.4412757e-08
16	2758	Other	1.0
16	2759	PC	0.0034707338
16	2759	PH	0.1397964
16	2759	Other	0.85673285
16	2760	PC	0.0034707338
16	2760	PH	0.1397964
16	2760	Other	0.85673285
16	2761	PC	8.3942005e-08
16	2761	PH	0.0
16	2761	Other	0.9999999
16	2762	PC	8.9262976e-08
16	2762	PH	0.0
16	2762	Other	0.9999999
16	2763	PC	1.4499061e-07
16	2763	PH	2.2941837e-08
16	2763	Other	0.9999999
16	2764	PC	0.0034707412
16	2764	PH	0.1397964
16	2764	Other	0.85673285
16	2765	PC	0.0
16	2765	PH	9.2297775e-08
16	2765	Other	0.9999999
16	2766	PC	0.0
16	2766	PH	1.5078673e-07
16	2766	Other	0.9999999
16	2767	PC	8.808036e-08
16	2767	PH	0.0
16	2767	Other	0.9999999
16	2768	PC	0.0
16	2768	PH	1.2991113e-07
16	2768	Other	0.9999999
16	2769	PC	0.0034704134
16	2769	PH	0.13979647
16	2769	Other	0.8567331
16	2770	PC	0.0
16	2770	PH	0.0
16	2770	Other	1.0
16	2771	PC	1.440003e-07
16	2771	PH	0.0
16	2771	Other	0.9999999
16	2772	PC	8.187196e-08
16	2772	PH	0.0
16	2772	Other	0.9999999
16	2773	PC	0.0
16	2773	PH	1.2372158e-07
16	2773	Other	0.9999999
16	2774	PC	0.0
16	2774	PH	7.0519825e-08
16	2774	Other	0.9999999
16	2775	PC	9.6445746e-08
16	2775	PH	0.0
16	2775	Other	0.9999999
16	2776	PC	1.3867766e-07
16	2776	PH	0.0
16	2776	Other	0.9999999
16	2777	PC	9.613553e-08
16	2777	PH	0.0
16	2777	Other	0.9999999
16	2778	PC	3.4412757e-08
16	2778	PH	3.4412757e-08
16	2778	Other	1.0
16	2779	PC	2.2941837e-08
16	2779	PH	1.466713e-07
16	2779	Other	0.9999999
16	2780	PC	1.3968362e-07
16	2780	PH	0.0
16	2780	Other	0.9999999
16	2781	PC	2.2941837e-08
16	2781	PH	1.4625992e-07
16	2781	Other	0.9999999
16	2782	PC	1.2934568e-07
16	2782	PH	0.0
16	2782	Other	0.9999999
16	2783	PC	0.0
16	2783	PH	0.0
16	2783	Other	0.99999994
16	2784	PC	7.5781365e-08
16	2784	PH	0.0
16	2784	Other	0.9999999
16	2785	PC	1.4392222e-07
16	2785	PH	2.2941837e-08
16	2785	Other	0.9999999
16	2786	PC	7.731619e-08
16	2786	PH	0.0
16	2786	Other	0.9999999
16	2787	PC	7.953152e-08
16	2787	PH	0.0
16	2787	Other	0.9999999
16	2788	PC	0.0
16	2788	PH	7.728774e-08
16	2788	Other	0.9999999
16	2789	PC	0.0
16	2789	PH	0.0
16	2789	Other	1.0
16	2790	PC	0.0
16	2790	PH	1.2748326e-07
16	2790	Other	0.9999999
16	2791	PC	1.4990108e-07
16	2791	PH	2.2941837e-08
16	2791	Other	0.9999999
16	2792	PC	0.0
16	2792	PH	1.255373e-07
16	2792	Other	0.9999999
16	2793	PC	5.2599614e-08
16	2793	PH	0.0
16	2793	Other	0.9999999
16	2794	PC	1.5008135e-07
16	2794	PH	0.0
16	2794	Other	0.9999999
16	2795	PC	0.0
16	2795	PH	8.8447756e-08
16	2795	Other	0.9999999
16	2796	PC	1.3030245e-07
16	2796	PH	0.0
16	2796	Other	0.9999999
16	2797	PC	8.4681794e-08
16	2797	PH	0.0
16	2797	Other	0.9999999
16	2798	PC	0.0
16	2798	PH	7.903258e-08
16	2798	Other	0.9999999
16	2799	PC	8.2618854e-08
16	2799	PH	8.2618854e-08
16	2799	Other	0.9999999
16	2800	PC	0.0
16	2800	PH	7.4763015e-08
16	2800	Other	0.9999999
16	2801	PC	0.0
16	2801	PH	1.4666006e-07
16	2801	Other	0.9999999
16	2802	PC	8.561329e-08
16	2802	PH	0.0
16	2802	Other	0.9999999
16	2803	PC	2.2941837e-08
16	2803	PH	1.4671944e-07
16	2803	Other	0.9999999
16	2804	PC	6.5980835e-08
16	2804	PH	0.0
16	2804	Other	0.9999999
16	2805	PC	0.0
16	2805	PH	7.4914134e-08
16	2805	Other	0.9999999
16	2806	PC	0.0
16	2806	PH	1.2282962e-07
16	2806	Other	0.9999999
16	2807	PC	1.04188096e-07
16	2807	PH	1.04188096e-07
16	2807	Other	0.9999999
16	2808	PC	0.0
16	2808	PH	1.2822693e-07
16	2808	Other	0.9999999
16	2809	PC	1.2087963e-07
16	2809	PH	0.0
16	2809	Other	0.9999999
16	2810	PC	0.0
16	2810	PH	0.0
16	2810	Other	1.0
16	2811	PC	1.5061143e-07
16	2811	PH	0.0
16	2811	Other	0.9999999
16	2812	PC	1.4873704e-07
16	2812	PH	2.2941837e-08
16	2812	Other	0.9999999
16	2813	PC	0.0018994207
16	2813	PH	0.0
16	2813	Other	0.9981005
16	2814	PC	7.77202e-08
16	2814	PH	0.0
16	2814	Other	0.9999999
16	2815	PC	0.0
16	2815	PH	1.4976008e-07
16	2815	Other	0.9999999
16	2816	PC	0.005684747
16	2816	PH	0.0
16	2816	Other	0.99431527
16	2817	PC	0.0
16	2817	PH	1.3169004e-07
16	2817	Other	0.9999999
16	2818	PC	6.790088e-08
16	2818	PH	0.0
16	2818	Other	0.9999999
16	2819	PC	0.006721885
16	2819	PH	0.0
16	2819	Other	0.9932781
16	2820	PC	0.0
16	2820	PH	1.2044943e-07
16	2820	Other	0.9999999
16	2821	PC	9.495137e-08
16	2821	PH	0.0
16	2821	Other	0.9999999
16	2822	PC	0.00651687
16	2822	PH	0.0
16	2822	Other	0.99348307
16	2823	PC	1.2981994e-07
16	2823	PH	0.0
16	2823	Other	0.9999999
16	2824	PC	1.2312638e-07
16	2824	PH	0.0
16	2824	Other	0.9999999
16	2825	PC	7.553858e-08
16	2825	PH	0.0
16	2825	Other	0.9999999
16	2826	PC	0.0
16	2826	PH	1.2175032e-07
16	2826	Other	0.9999999
16	2827	PC	0.0
16	2827	PH	9.824442e-08
16	2827	Other	0.9999999
16	2828	PC	2.2941837e-08
16	2828	PH	1.4864972e-07
16	2828	Other	0.9999999
16	2829	PC	0.0
16	2829	PH	0.0
16	2829	Other	1.0
16	2830	PC	5.9511695e-08
16	2830	PH	5.9511695e-08
16	2830	Other	0.9999999
16	2831	PC	8.602502e-08
16	2831	PH	0.0
16	2831	Other	0.9999999
16	2832	PC	7.927127e-08
16	2832	PH	0.0
16	2832	Other	0.9999999
16	2833	PC	1.4638208e-07
16	2833	PH	2.2941837e-08
16	2833	Other	0.9999999
16	2834	PC	7.460161e-08
16	2834	PH	0.0
16	2834	Other	0.9999999
16	2835	PC	1.0326209e-07
16	2835	PH	1.0326209e-07
16	2835	Other	0.9999999
16	2836	PC	1.5291133e-07
16	2836	PH	1.1470919e-08
16	2836	Other	0.9999999
16	2837	PC	0.0
16	2837	PH	1.3171831e-07
16	2837	Other	0.9999999
16	2838	PC	1.3473577e-07
16	2838	PH	0.0
16	2838	Other	0.9999999
16	2839	PC	2.2941837e-08
16	2839	PH	1.5417444e-07
16	2839	Other	0.9999999
16	2840	PC	1.4846502e-07
16	2840	PH	0.0
16	2840	Other	0.9999999
16	2841	PC	1.4986624e-07
16	2841	PH	1.1470919e-08
16	2841	Other	0.9999999
16	2842	PC	0.0
16	2842	PH	8.677626e-08
16	2842	Other	0.9999999
16	2843	PC	0.0
16	2843	PH	8.253194e-08
16	2843	Other	0.9999999
16	2844	PC	0.0
16	2844	PH	0.0
16	2844	Other	1.0
16	2845	PC	0.99999976
16	2845	PH	1.1376825e-10
16	2845	Other	2.0636278e-07
16	2846	PC	9.655411e-08
16	2846	PH	0.0
16	2846	Other	0.9999999
16	2847	PC	0.99999976
16	2847	PH	8.277985e-09
16	2847	Other	1.9819856e-07
16	2848	PC	6.305946e-08
16	2848	PH	6.305946e-08
16	2848	Other	0.9999999
16	2849	PC	0.0
16	2849	PH	0.0
16	2849	Other	1.0
16	2850	PC	0.8201417
16	2850	PH	0.17985836
16	2850	Other	0.0
16	2851	PC	1.365673e-07
16	2851	PH	2.2941837e-08
16	2851	Other	0.9999999
16	2852	PC	0.0
16	2852	PH	1.2082545e-07
16	2852	Other	0.9999999
16	2853	PC	0.0
16	2853	PH	1.539933e-07
16	2853	Other	0.9999999
16	2854	PC	7.3747074e-08
16	2854	PH	7.3747074e-08
16	2854	Other	0.9999999
16	2855	PC	1.4174087e-07
16	2855	PH	2.2941837e-08
16	2855	Other	0.9999999
16	2856	PC	0.99999976
16	2856	PH	2.1044869e-08
16	2856	Other	1.8543169e-07
16	2857	PC	1.1470919e-08
16	2857	PH	1.1470919e-08
16	2857	Other	1.0
16	2858	PC	0.0
16	2858	PH	0.0
16	2858	Other	1.0
16	2859	PC	5.3658322e-08
16	2859	PH	0.0
16	2859	Other	0.9999999
16	2860	PC	1.4736156e-07
16	2860	PH	0.0
16	2860	Other	0.9999999
16	2861	PC	1.2949228e-07
16	2861	PH	0.0
16	2861	Other	0.9999999
16	2862	PC	8.828852e-08
16	2862	PH	0.0
16	2862	Other	0.9999999
16	2863	PC	0.0
16	2863	PH	1.3169684e-07
16	2863	Other	0.9999999
16	2864	PC	0.0
16	2864	PH	1.3118694e-07
16	2864	Other	0.9999999
16	2865	PC	1.2292583e-07
16	2865	PH	0.0
16	2865	Other	0.9999999
16	2866	PC	7.521244e-08
16	2866	PH	0.0
16	2866	Other	0.9999999
16	2867	PC	1.1470919e-08
16	2867	PH	1.428717e-07
16	2867	Other	0.9999999
16	2868	PC	0.0
16	2868	PH	1.3574136e-07
16	2868	Other	0.9999999
16	2869	PC	0.0
16	2869	PH	0.0
16	2869	Other	1.0
16	2870	PC	1.2860545e-07
16	2870	PH	0.0
16	2870	Other	0.9999999
16	2871	PC	1.4302812e-07
16	2871	PH	0.0
16	2871	Other	0.9999999
16	2872	PC	9.680218e-08
16	2872	PH	0.0
16	2872	Other	0.9999999
16	2873	PC	7.6496846e-08
16	2873	PH	7.6496846e-08
16	2873	Other	0.9999999
16	2874	PC	7.617387e-08
16	2874	PH	0.0
16	2874	Other	0.9999999
16	2875	PC	2.2941837e-08
16	2875	PH	1.4843481e-07
16	2875	Other	0.9999999
16	2876	PC	8.1593e-08
16	2876	PH	8.1593e-08
16	2876	Other	0.9999999
16	2877	PC	0.0
16	2877	PH	1.3008554e-07
16	2877	Other	0.9999999
16	2878	PC	0.0
16	2878	PH	1.2803994e-07
16	2878	Other	0.9999999
16	2879	PC	1.4476329e-07
16	2879	PH	2.2941837e-08
16	2879	Other	0.9999999
16	2880	PC	0.0
16	2880	PH	1.2530819e-07
16	2880	Other	0.9999999
16	2881	PC	0.0
16	2881	PH	1.2283733e-07
16	2881	Other	0.9999999
16	2882	PC	0.0
16	2882	PH	1.2173628e-07
16	2882	Other	0.9999999
16	2883	PC	1.4891596e-07
16	2883	PH	0.0
16	2883	Other	0.9999999
16	2884	PC	5.5705083e-08
16	2884	PH	0.0
16	2884	Other	0.9999999
16	2885	PC	5.722409e-08
16	2885	PH	5.722409e-08
16	2885	Other	0.9999999
16	2886	PC	1.3772383e-07
16	2886	PH	0.0
16	2886	Other	0.9999999
16	2887	PC	0.0
16	2887	PH	1.5069094e-07
16	2887	Other	0.9999999
16	2888	PC	0.0
16	2888	PH	0.0
16	2888	Other	1.0
16	2889	PC	7.689746e-08
16	2889	PH	0.0
16	2889	Other	0.9999999
16	2890	PC	1.5264821e-07
16	2890	PH	2.2941837e-08
16	2890	Other	0.9999999
16	2891	PC	2.2633005e-08
16	2891	PH	2.2633005e-08
16	2891	Other	0.9999999
16	2892	PC	0.0
16	2892	PH	7.489992e-08
16	2892	Other	0.9999999
16	2893	PC	1.5309507e-07
16	2893	PH	0.0
16	2893	Other	0.9999999
16	2894	PC	5.9211896e-16
16	2894	PH	1.2971914e-07
16	2894	Other	0.9999999
16	2895	PC	1.4433584e-07
16	2895	PH	0.0
16	2895	Other	0.9999999
16	2896	PC	1.3797388e-07
16	2896	PH	0.0
16	2896	Other	0.9999999
16	2897	PC	7.68941e-08
16	2897	PH	0.0
16	2897	Other	0.9999999
16	2898	PC	9.457519e-08
16	2898	PH	9.457519e-08
16	2898	Other	0.9999999
16	2899	PC	8.3280064e-08
16	2899	PH	8.3280064e-08
16	2899	Other	0.9999999
16	2900	PC	7.706111e-08
16	2900	PH	0.0
16	2900	Other	0.9999999
16	2901	PC	1.2279465e-07
16	2901	PH	0.0
16	2901	Other	0.9999999
16	2902	PC	1.2145806e-07
16	2902	PH	0.0
16	2902	Other	0.9999999
16	2903	PC	1.2400494e-07
16	2903	PH	0.0
16	2903	Other	0.9999999
16	2904	PC	1.2190709e-07
16	2904	PH	0.0
16	2904	Other	0.9999999
16	2905	PC	0.0
16	2905	PH	1.2873316e-07
16	2905	Other	0.9999999
16	2906	PC	1.4933312e-07
16	2906	PH	0.0
16	2906	Other	0.9999999
16	2907	PC	0.0
16	2907	PH	1.2758808e-07
16	2907	Other	0.9999999
16	2908	PC	1.4580137e-07
16	2908	PH	2.2941837e-08
16	2908	Other	0.9999999
16	2909	PC	0.0
16	2909	PH	1.2080343e-07
16	2909	Other	0.9999999
16	2910	PC	9.9301865e-08
16	2910	PH	9.9301865e-08
16	2910	Other	0.9999999
16	2911	PC	0.0
16	2911	PH	8.1402405e-08
16	2911	Other	0.9999999
16	2912	PC	8.138154e-08
16	2912	PH	8.138154e-08
16	2912	Other	0.9999999
16	2913	PC	1.1470919e-08
16	2913	PH	1.4785465e-07
16	2913	Other	0.9999999
16	2914	PC	0.0
16	2914	PH	7.513175e-08
16	2914	Other	0.9999999
16	2915	PC	8.417387e-08
16	2915	PH	0.0
16	2915	Other	0.9999999
16	2916	PC	1.484586e-07
16	2916	PH	0.0
16	2916	Other	0.9999999
16	2917	PC	0.0
16	2917	PH	8.947176e-08
16	2917	Other	0.9999999
16	2918	PC	0.0
16	2918	PH	0.0
16	2918	Other	1.0
16	2919	PC	0.0
16	2919	PH	1.5215376e-07
16	2919	Other	0.9999999
16	2920	PC	1.3999166e-07
16	2920	PH	0.0
16	2920	Other	0.9999999
16	2921	PC	0.0
16	2921	PH	8.400891e-08
16	2921	Other	0.9999999
16	2922	PC	1.3035039e-07
16	2922	PH	0.0
16	2922	Other	0.9999999
16	2923	PC	1.2363809e-07
16	2923	PH	0.0
16	2923	Other	0.9999999
16	2924	PC	0.0
16	2924	PH	0.0
16	2924	Other	1.0
16	2925	PC	7.664802e-08
16	2925	PH	7.664802e-08
16	2925	Other	0.9999999
16	2926	PC	0.0
16	2926	PH	1.218316e-07
16	2926	Other	0.9999999
16	2927	PC	0.0
16	2927	PH	9.11134e-08
16	2927	Other	0.9999999
16	2928	PC	3.2775162e-08
16	2928	PH	3.2775162e-08
16	2928	Other	0.9999999
16	2929	PC	1.2928321e-07
16	2929	PH	0.0
16	2929	Other	0.9999999
16	2930	PC	1.02477216e-07
16	2930	PH	1.02477216e-07
16	2930	Other	0.9999999
16	2931	PC	8.071088e-08
16	2931	PH	0.0
16	2931	Other	0.9999999
16	2932	PC	1.07975914e-07
16	2932	PH	0.0
16	2932	Other	0.9999999
16	2933	PC	0.0
16	2933	PH	7.507236e-08
16	2933	Other	0.9999999
16	2934	PC	8.200634e-08
16	2934	PH	0.0
16	2934	Other	0.9999999
16	2935	PC	0.0
16	2935	PH	0.0
16	2935	Other	1.0
16	2936	PC	7.4844955e-08
16	2936	PH	0.0
16	2936	Other	0.9999999
16	2937	PC	1.2694846e-07
16	2937	PH	0.0
16	2937	Other	0.9999999
16	2938	PC	7.387751e-08
16	2938	PH	0.0
16	2938	Other	0.9999999
16	2939	PC	1.2194948e-07
16	2939	PH	0.0
16	2939	Other	0.9999999
16	2940	PC	6.142121e-08
16	2940	PH	0.0
16	2940	Other	0.9999999
16	2941	PC	0.99999976
16	2941	PH	1.2246923e-10
16	2941	Other	2.0635409e-07
16	2942	PC	8.728731e-08
16	2942	PH	0.0
16	2942	Other	0.9999999
16	2943	PC	0.0052449736
16	2943	PH	0.0
16	2943	Other	0.99475497
16	2944	PC	0.0
16	2944	PH	1.2341523e-07
16	2944	Other	0.9999999
16	2945	PC	0.9706006
16	2945	PH	0.0
16	2945	Other	0.029399438
16	2946	PC	1.2687615e-07
16	2946	PH	5.9211896e-16
16	2946	Other	0.9999999
16	2947	PC	0.0
16	2947	PH	0.0
16	2947	Other	1.0
16	2948	PC	0.0
16	2948	PH	1.2091502e-07
16	2948	Other	0.9999999
16	2949	PC	0.0
16	2949	PH	5.8898717e-08
16	2949	Other	0.9999999
16	2950	PC	0.0
16	2950	PH	5.5467513e-08
16	2950	Other	0.9999999
16	2951	PC	0.99999976
16	2951	PH	2.0593443e-07
16	2951	Other	5.421214e-10
16	2952	PC	1.5429589e-07
16	2952	PH	0.0
16	2952	Other	0.9999999
16	2953	PC	0.99999976
16	2953	PH	2.0594757e-07
16	2953	Other	5.289776e-10
16	2954	PC	1.2743874e-07
16	2954	PH	0.0
16	2954	Other	0.9999999
16	2955	PC	0.99999976
16	2955	PH	2.0338271e-07
16	2955	Other	3.0938343e-09
16	2956	PC	0.0
16	2956	PH	1.2329743e-07
16	2956	Other	0.9999999
16	2957	PC	0.0
16	2957	PH	1.2293998e-07
16	2957	Other	0.9999999
16	2958	PC	0.99999976
16	2958	PH	1.4942153e-10
16	2958	Other	2.0632713e-07
16	2959	PC	1.4373711e-07
16	2959	PH	0.0
16	2959	Other	0.9999999
16	2960	PC	0.99999976
16	2960	PH	2.0599612e-07
16	2960	Other	4.804389e-10
16	2961	PC	0.0
16	2961	PH	1.3870802e-07
16	2961	Other	0.9999999
16	2962	PC	0.99999976
16	2962	PH	2.1613033e-08
16	2962	Other	1.8486352e-07
16	2963	PC	1.2480032e-07
16	2963	PH	0.0
16	2963	Other	0.9999999
16	2964	PC	0.99999976
16	2964	PH	2.0593413e-07
16	2964	Other	5.4241717e-10
16	2965	PC	0.0
16	2965	PH	1.2377667e-07
16	2965	Other	0.9999999
16	2966	PC	0.0067294254
16	2966	PH	0.0
16	2966	Other	0.9932705
16	2967	PC	0.0
16	2967	PH	1.2085496e-07
16	2967	Other	0.9999999
16	2968	PC	0.99999976
16	2968	PH	2.0599872e-07
16	2968	Other	4.778299e-10
16	2969	PC	1.3185601e-07
16	2969	PH	0.0
16	2969	Other	0.9999999
16	2970	PC	0.9966334
16	2970	PH	0.003366587
16	2970	Other	0.0
16	2971	PC	0.0
16	2971	PH	1.3049961e-07
16	2971	Other	0.9999999
16	2972	PC	0.99999976
16	2972	PH	2.0192932e-07
16	2972	Other	4.547225e-09
16	2973	PC	8.183871e-08
16	2973	PH	8.183871e-08
16	2973	Other	0.9999999
16	2974	PC	1.2721296e-07
16	2974	PH	0.0
16	2974	Other	0.9999999
16	2975	PC	0.99999976
16	2975	PH	7.007187e-10
16	2975	Other	2.0577583e-07
16	2976	PC	0.0
16	2976	PH	1.279159e-07
16	2976	Other	0.9999999
16	2977	PC	0.0
16	2977	PH	9.6575235e-08
16	2977	Other	0.9999999
17	2978	PC	1.3443099e-07
17	2978	PH	0.0
17	2978	Other	0.9999999
17	2979	PC	1.5271243e-07
17	2979	PH	2.2941837e-08
17	2979	Other	0.9999999
17	2980	PC	0.0
17	2980	PH	0.0
17	2980	Other	1.0
17	2981	PC	0.0
17	2981	PH	5.9364208e-08
17	2981	Other	0.9999999
17	2982	PC	1.4281746e-07
17	2982	PH	0.0
17	2982	Other	0.9999999
17	2983	PC	1.0403766e-07
17	2983	PH	1.0403766e-07
17	2983	Other	0.9999999
17	2984	PC	1.2230701e-07
17	2984	PH	0.0
17	2984	Other	0.9999999
17	2985	PC	1.05441806e-07
17	2985	PH	1.05441806e-07
17	2985	Other	0.9999999
17	2986	PC	1.1470919e-08
17	2986	PH	1.4985834e-07
17	2986	Other	0.9999999
17	2987	PC	1.2687369e-07
17	2987	PH	0.0
17	2987	Other	0.9999999
17	2988	PC	0.0
17	2988	PH	8.256576e-08
17	2988	Other	0.9999999
17	2989	PC	8.00382e-08
17	2989	PH	0.0
17	2989	Other	0.9999999
17	2990	PC	9.194469e-08
17	2990	PH	0.0
17	2990	Other	0.9999999
17	2991	PC	0.0
17	2991	PH	1.4210953e-07
17	2991	Other	0.9999999
17	2992	PC	2.2941837e-08
17	2992	PH	1.5004306e-07
17	2992	Other	0.9999999
17	2993	PC	0.0
17	2993	PH	1.2728685e-07
17	2993	Other	0.9999999
17	2994	PC	1.2823206e-07
17	2994	PH	0.0
17	2994	Other	0.9999999
17	2995	PC	1.2270569e-07
17	2995	PH	0.0
17	2995	Other	0.9999999
17	2996	PC	6.1628384e-08
17	2996	PH	6.1628384e-08
17	2996	Other	0.9999999
17	2997	PC	7.995429e-08
17	2997	PH	0.0
17	2997	Other	0.9999999
17	2998	PC	1.443659e-07
17	2998	PH	2.2941837e-08
17	2998	Other	0.9999999
17	2999	PC	0.99999976
17	2999	PH	1.4942153e-10
17	2999	Other	2.0632713e-07
17	3000	PC	1.2130259e-07
17	3000	PH	0.0
17	3000	Other	0.9999999
17	3001	PC	8.024835e-08
17	3001	PH	0.0
17	3001	Other	0.9999999
17	3002	PC	1.5153401e-07
17	3002	PH	2.2941837e-08
17	3002	Other	0.9999999
17	3003	PC	1.5161493e-07
17	3003	PH	0.0
17	3003	Other	0.9999999
17	3004	PC	8.3115715e-08
17	3004	PH	0.0
17	3004	Other	0.9999999
17	3005	PC	1.1470919e-08
17	3005	PH	1.4586391e-07
17	3005	Other	0.9999999
17	3006	PC	1.4818389e-07
17	3006	PH	2.2941837e-08
17	3006	Other	0.9999999
17	3007	PC	7.8437054e-08
17	3007	PH	7.8437054e-08
17	3007	Other	0.9999999
17	3008	PC	9.301203e-08
17	3008	PH	0.0
17	3008	Other	0.9999999
17	3009	PC	0.0
17	3009	PH	1.3773717e-07
17	3009	Other	0.9999999
17	3010	PC	1.4880509e-07
17	3010	PH	2.2941837e-08
17	3010	Other	0.9999999
17	3011	PC	0.0
17	3011	PH	1.2085961e-07
17	3011	Other	0.9999999
17	3012	PC	1.4463885e-07
17	3012	PH	2.2941837e-08
17	3012	Other	0.9999999
17	3013	PC	2.2941837e-08
17	3013	PH	1.5289702e-07
17	3013	Other	0.9999999
17	3014	PC	0.0
17	3014	PH	8.29068e-08
17	3014	Other	0.9999999
17	3015	PC	0.0
17	3015	PH	1.2925638e-07
17	3015	Other	0.9999999
17	3016	PC	0.99999976
17	3016	PH	2.0593413e-07
17	3016	Other	5.424168e-10
17	3017	PC	1.5117985e-07
17	3017	PH	0.0
17	3017	Other	0.9999999
17	3018	PC	1.2713802e-07
17	3018	PH	0.0
17	3018	Other	0.9999999
17	3019	PC	8.0582986e-08
17	3019	PH	0.0
17	3019	Other	0.9999999
17	3020	PC	9.683583e-08
17	3020	PH	0.0
17	3020	Other	0.9999999
17	3021	PC	1.5047809e-07
17	3021	PH	2.2941837e-08
17	3021	Other	0.9999999
17	3022	PC	1.039464e-07
17	3022	PH	1.039464e-07
17	3022	Other	0.9999999
17	3023	PC	9.713884e-08
17	3023	PH	0.0
17	3023	Other	0.9999999
17	3024	PC	1.47188e-07
17	3024	PH	2.2941837e-08
17	3024	Other	0.9999999
17	3025	PC	1.5303172e-07
17	3025	PH	2.2941837e-08
17	3025	Other	0.9999999
17	3026	PC	6.864182e-08
17	3026	PH	6.864182e-08
17	3026	Other	0.9999999
17	3027	PC	0.0
17	3027	PH	0.0
17	3027	Other	1.0
17	3028	PC	1.4933917e-07
17	3028	PH	2.2941837e-08
17	3028	Other	0.9999999
17	3029	PC	1.0179584e-07
17	3029	PH	1.0179584e-07
17	3029	Other	0.9999999
17	3030	PC	0.0
17	3030	PH	1.5051201e-07
17	3030	Other	0.9999999
17	3031	PC	0.0
17	3031	PH	9.3325816e-08
17	3031	Other	0.9999999
17	3032	PC	1.5005571e-07
17	3032	PH	0.0
17	3032	Other	0.9999999
17	3033	PC	1.2856893e-07
17	3033	PH	5.9211896e-16
17	3033	Other	0.9999999
17	3034	PC	8.9047354e-08
17	3034	PH	0.0
17	3034	Other	0.9999999
17	3035	PC	1.5205727e-07
17	3035	PH	2.2941837e-08
17	3035	Other	0.9999999
17	3036	PC	0.0
17	3036	PH	8.064452e-08
17	3036	Other	0.9999999
17	3037	PC	0.0
17	3037	PH	1.4546703e-07
17	3037	Other	0.9999999
17	3038	PC	9.920387e-08
17	3038	PH	9.920387e-08
17	3038	Other	0.9999999
17	3039	PC	1.2202041e-07
17	3039	PH	0.0
17	3039	Other	0.9999999
17	3040	PC	8.9592895e-08
17	3040	PH	4.5883677e-08
17	3040	Other	0.9999999
17	3041	PC	1.4838068e-07
17	3041	PH	2.2941837e-08
17	3041	Other	0.9999999
17	3042	PC	8.092339e-08
17	3042	PH	8.092339e-08
17	3042	Other	0.9999999
17	3043	PC	1.4897569e-07
17	3043	PH	0.0
17	3043	Other	0.9999999
17	3044	PC	0.0
17	3044	PH	1.2063174e-07
17	3044	Other	0.9999999
17	3045	PC	6.888589e-08
17	3045	PH	6.888589e-08
17	3045	Other	0.9999999
17	3046	PC	1.36781e-07
17	3046	PH	1.1470919e-08
17	3046	Other	0.9999999
17	3047	PC	1.2875635e-07
17	3047	PH	0.0
17	3047	Other	0.9999999
17	3048	PC	1.4528106e-07
17	3048	PH	2.2941837e-08
17	3048	Other	0.9999999
17	3049	PC	0.0
17	3049	PH	0.0
17	3049	Other	1.0
17	3050	PC	1.530236e-07
17	3050	PH	2.2941837e-08
17	3050	Other	0.9999999
17	3051	PC	1.4755689e-07
17	3051	PH	0.0
17	3051	Other	0.9999999
17	3052	PC	0.0
17	3052	PH	0.0
17	3052	Other	1.0
17	3053	PC	7.760763e-08
17	3053	PH	0.0
17	3053	Other	0.9999999
17	3054	PC	9.56286e-08
17	3054	PH	0.0
17	3054	Other	0.9999999
17	3055	PC	1.2362513e-07
17	3055	PH	0.0
17	3055	Other	0.9999999
17	3056	PC	1.4530242e-07
17	3056	PH	0.0
17	3056	Other	0.9999999
17	3057	PC	1.2470686e-07
17	3057	PH	0.0
17	3057	Other	0.9999999
17	3058	PC	8.8853376e-08
17	3058	PH	0.0
17	3058	Other	0.9999999
17	3059	PC	1.3393945e-07
17	3059	PH	0.0
17	3059	Other	0.9999999
17	3060	PC	0.0
17	3060	PH	8.2394756e-08
17	3060	Other	0.9999999
17	3061	PC	8.636733e-08
17	3061	PH	0.0
17	3061	Other	0.9999999
17	3062	PC	1.2331789e-07
17	3062	PH	0.0
17	3062	Other	0.9999999
17	3063	PC	0.0
17	3063	PH	1.476359e-07
17	3063	Other	0.9999999
17	3064	PC	8.892987e-08
17	3064	PH	0.0
17	3064	Other	0.9999999
17	3065	PC	1.4823564e-07
17	3065	PH	0.0
17	3065	Other	0.9999999
17	3066	PC	1.4859572e-07
17	3066	PH	1.1470919e-08
17	3066	Other	0.9999999
17	3067	PC	0.0
17	3067	PH	1.2440313e-07
17	3067	Other	0.9999999
17	3068	PC	1.1470919e-08
17	3068	PH	8.110849e-08
17	3068	Other	0.9999999
17	3069	PC	1.4700424e-07
17	3069	PH	0.0
17	3069	Other	0.9999999
17	3070	PC	1.2710377e-07
17	3070	PH	0.0
17	3070	Other	0.9999999
17	3071	PC	1.4767838e-07
17	3071	PH	2.2941837e-08
17	3071	Other	0.9999999
17	3072	PC	1.4534386e-07
17	3072	PH	0.0
17	3072	Other	0.9999999
17	3073	PC	1.4670886e-07
17	3073	PH	2.2941837e-08
17	3073	Other	0.9999999
17	3074	PC	1.2300562e-07
17	3074	PH	0.0
17	3074	Other	0.9999999
17	3075	PC	1.308106e-07
17	3075	PH	0.0
17	3075	Other	0.9999999
17	3076	PC	0.0
17	3076	PH	7.611143e-08
17	3076	Other	0.9999999
17	3077	PC	1.2169124e-07
17	3077	PH	1.1470919e-08
17	3077	Other	0.9999999
17	3078	PC	9.294113e-08
17	3078	PH	0.0
17	3078	Other	0.9999999
17	3079	PC	0.0
17	3079	PH	1.308237e-07
17	3079	Other	0.9999999
17	3080	PC	1.543455e-07
17	3080	PH	2.2941837e-08
17	3080	Other	0.9999999
17	3081	PC	5.7312906e-08
17	3081	PH	5.7312906e-08
17	3081	Other	0.9999999
17	3082	PC	8.9436234e-08
17	3082	PH	0.0
17	3082	Other	0.9999999
17	3083	PC	0.0
17	3083	PH	0.0
17	3083	Other	1.0
17	3084	PC	1.3397573e-07
17	3084	PH	1.1470919e-08
17	3084	Other	0.9999999
17	3085	PC	0.0
17	3085	PH	1.3087556e-07
17	3085	Other	0.9999999
17	3086	PC	7.863087e-08
17	3086	PH	7.863087e-08
17	3086	Other	0.9999999
17	3087	PC	8.578092e-08
17	3087	PH	0.0
17	3087	Other	0.9999999
17	3088	PC	1.4991359e-07
17	3088	PH	2.2941837e-08
17	3088	Other	0.9999999
17	3089	PC	0.0
17	3089	PH	1.4678642e-07
17	3089	Other	0.9999999
17	3090	PC	5.4175455e-08
17	3090	PH	5.4175455e-08
17	3090	Other	0.9999999
17	3091	PC	1.2656628e-07
17	3091	PH	0.0
17	3091	Other	0.9999999
17	3092	PC	8.8977664e-08
17	3092	PH	0.0
17	3092	Other	0.9999999
17	3093	PC	8.494572e-08
17	3093	PH	0.0
17	3093	Other	0.9999999
17	3094	PC	2.2941837e-08
17	3094	PH	1.5382163e-07
17	3094	Other	0.9999999
17	3095	PC	0.0
17	3095	PH	7.919788e-08
17	3095	Other	0.9999999
17	3096	PC	1.2441255e-07
17	3096	PH	0.0
17	3096	Other	0.9999999
17	3097	PC	3.458014e-08
17	3097	PH	3.458014e-08
17	3097	Other	0.9999999
17	3098	PC	1.5170465e-07
17	3098	PH	2.2941837e-08
17	3098	Other	0.9999999
17	3099	PC	1.2378598e-07
17	3099	PH	0.0
17	3099	Other	0.9999999
17	3100	PC	1.5188486e-07
17	3100	PH	2.2941837e-08
17	3100	Other	0.9999999
17	3101	PC	0.0
17	3101	PH	1.2084733e-07
17	3101	Other	0.9999999
17	3102	PC	8.4298755e-08
17	3102	PH	0.0
17	3102	Other	0.9999999
17	3103	PC	0.006727137
17	3103	PH	0.0
17	3103	Other	0.9932728
17	3104	PC	0.0
17	3104	PH	1.5430983e-07
17	3104	Other	0.9999999
17	3105	PC	1.445271e-07
17	3105	PH	1.1470919e-08
17	3105	Other	0.9999999
17	3106	PC	0.0
17	3106	PH	8.606376e-08
17	3106	Other	0.9999999
17	3107	PC	1.2603643e-07
17	3107	PH	0.0
17	3107	Other	0.9999999
17	3108	PC	8.222366e-08
17	3108	PH	0.0
17	3108	Other	0.9999999
17	3109	PC	0.0
17	3109	PH	8.8451465e-08
17	3109	Other	0.9999999
17	3110	PC	1.513822e-07
17	3110	PH	2.2941837e-08
17	3110	Other	0.9999999
17	3111	PC	6.8820626e-08
17	3111	PH	6.8820626e-08
17	3111	Other	0.9999999
17	3112	PC	9.3579594e-08
17	3112	PH	0.0
17	3112	Other	0.9999999
17	3113	PC	1.5211457e-07
17	3113	PH	2.2941837e-08
17	3113	Other	0.9999999
17	3114	PC	1.4860483e-07
17	3114	PH	1.1470919e-08
17	3114	Other	0.9999999
17	3115	PC	3.448538e-08
17	3115	PH	3.448538e-08
17	3115	Other	0.9999999
17	3116	PC	1.4928368e-07
17	3116	PH	0.0
17	3116	Other	0.9999999
17	3117	PC	1.5310255e-07
17	3117	PH	1.1470919e-08
17	3117	Other	0.9999999
17	3118	PC	1.4606948e-07
17	3118	PH	2.2941837e-08
17	3118	Other	0.9999999
17	3119	PC	0.0
17	3119	PH	0.0
17	3119	Other	1.0
17	3120	PC	8.1579444e-08
17	3120	PH	0.0
17	3120	Other	0.9999999
17	3121	PC	1.4742685e-07
17	3121	PH	2.2941837e-08
17	3121	Other	0.9999999
17	3122	PC	1.4731819e-07
17	3122	PH	0.0
17	3122	Other	0.9999999
17	3123	PC	1.5168648e-07
17	3123	PH	2.2941837e-08
17	3123	Other	0.9999999
17	3124	PC	7.643229e-08
17	3124	PH	2.2941837e-08
17	3124	Other	0.9999999
17	3125	PC	1.3065838e-07
17	3125	PH	0.0
17	3125	Other	0.9999999
17	3126	PC	0.0
17	3126	PH	9.688324e-08
17	3126	Other	0.9999999
17	3127	PC	1.4905481e-07
17	3127	PH	0.0
17	3127	Other	0.9999999
17	3128	PC	0.0
17	3128	PH	8.106283e-08
17	3128	Other	0.9999999
17	3129	PC	1.4100353e-07
17	3129	PH	0.0
17	3129	Other	0.9999999
17	3130	PC	8.228444e-08
17	3130	PH	0.0
17	3130	Other	0.9999999
17	3131	PC	8.165235e-08
17	3131	PH	0.0
17	3131	Other	0.9999999
17	3132	PC	0.0
17	3132	PH	1.3167823e-07
17	3132	Other	0.9999999
17	3133	PC	1.2510021e-07
17	3133	PH	0.0
17	3133	Other	0.9999999
17	3134	PC	0.0
17	3134	PH	0.0
17	3134	Other	1.0
17	3135	PC	1.2327871e-07
17	3135	PH	0.0
17	3135	Other	0.9999999
17	3136	PC	1.5018139e-07
17	3136	PH	0.0
17	3136	Other	0.9999999
17	3137	PC	1.2542513e-07
17	3137	PH	0.0
17	3137	Other	0.9999999
17	3138	PC	7.610017e-08
17	3138	PH	0.0
17	3138	Other	0.9999999
17	3139	PC	1.2911457e-07
17	3139	PH	0.0
17	3139	Other	0.9999999
17	3140	PC	0.0
17	3140	PH	0.0
17	3140	Other	1.0
17	3141	PC	1.5201839e-07
17	3141	PH	2.2941837e-08
17	3141	Other	0.9999999
17	3142	PC	0.0
17	3142	PH	1.2582315e-07
17	3142	Other	0.9999999
17	3143	PC	1.5165988e-07
17	3143	PH	2.2941837e-08
17	3143	Other	0.9999999
17	3144	PC	0.0
17	3144	PH	1.2949249e-07
17	3144	Other	0.9999999
17	3145	PC	1.2798124e-07
17	3145	PH	0.0
17	3145	Other	0.9999999
17	3146	PC	7.701412e-08
17	3146	PH	7.701412e-08
17	3146	Other	0.9999999
17	3147	PC	0.0
17	3147	PH	1.2417483e-07
17	3147	Other	0.9999999
17	3148	PC	0.0
17	3148	PH	1.4192398e-07
17	3148	Other	0.9999999
17	3149	PC	0.0
17	3149	PH	5.5834004e-08
17	3149	Other	0.9999999
17	3150	PC	1.06992836e-07
17	3150	PH	1.06992836e-07
17	3150	Other	0.9999999
17	3151	PC	5.3074206e-08
17	3151	PH	0.0
17	3151	Other	0.9999999
17	3152	PC	1.2641509e-07
17	3152	PH	0.0
17	3152	Other	0.9999999
17	3153	PC	0.0
17	3153	PH	8.505055e-08
17	3153	Other	0.9999999
17	3154	PC	0.0
17	3154	PH	7.4872176e-08
17	3154	Other	0.9999999
17	3155	PC	0.0
17	3155	PH	1.3715697e-07
17	3155	Other	0.9999999
17	3156	PC	9.7558214e-08
17	3156	PH	9.7558214e-08
17	3156	Other	0.9999999
17	3157	PC	1.2632756e-07
17	3157	PH	0.0
17	3157	Other	0.9999999
17	3158	PC	1.3190788e-07
17	3158	PH	0.0
17	3158	Other	0.9999999
17	3159	PC	2.2941837e-08
17	3159	PH	1.5474026e-07
17	3159	Other	0.9999999
17	3160	PC	0.0
17	3160	PH	1.4588323e-07
17	3160	Other	0.9999999
17	3161	PC	0.0
17	3161	PH	1.2250008e-07
17	3161	Other	0.9999999
17	3162	PC	3.441227e-08
17	3162	PH	3.441227e-08
17	3162	Other	0.9999999
17	3163	PC	0.0
17	3163	PH	8.523018e-08
17	3163	Other	0.9999999
17	3164	PC	9.977588e-08
17	3164	PH	9.977588e-08
17	3164	Other	0.9999999
17	3165	PC	1.4599647e-07
17	3165	PH	0.0
17	3165	Other	0.9999999
17	3166	PC	1.2058257e-07
17	3166	PH	0.0
17	3166	Other	0.9999999
17	3167	PC	1.2413354e-07
17	3167	PH	0.0
17	3167	Other	0.9999999
17	3168	PC	0.0
17	3168	PH	1.2254766e-07
17	3168	Other	0.9999999
17	3169	PC	0.0
17	3169	PH	0.0
17	3169	Other	1.0
17	3170	PC	7.8600685e-08
17	3170	PH	0.0
17	3170	Other	0.9999999
17	3171	PC	0.0
17	3171	PH	1.3404808e-07
17	3171	Other	0.9999999
17	3172	PC	9.285596e-08
17	3172	PH	0.0
17	3172	Other	0.9999999
17	3173	PC	1.011123e-07
17	3173	PH	1.011123e-07
17	3173	Other	0.9999999
17	3174	PC	5.9211896e-16
17	3174	PH	1.2356831e-07
17	3174	Other	0.9999999
17	3175	PC	8.103807e-08
17	3175	PH	0.0
17	3175	Other	0.9999999
17	3176	PC	5.7310178e-08
17	3176	PH	5.7310178e-08
17	3176	Other	0.9999999
17	3177	PC	6.344841e-08
17	3177	PH	0.0
17	3177	Other	0.9999999
17	3178	PC	0.0
17	3178	PH	1.5195258e-07
17	3178	Other	0.9999999
17	3179	PC	0.0
17	3179	PH	1.2956558e-07
17	3179	Other	0.9999999
17	3180	PC	2.2941837e-08
17	3180	PH	1.4698733e-07
17	3180	Other	0.9999999
17	3181	PC	1.232312e-07
17	3181	PH	0.0
17	3181	Other	0.9999999
17	3182	PC	1.4491853e-07
17	3182	PH	2.2941837e-08
17	3182	Other	0.9999999
17	3183	PC	7.537337e-08
17	3183	PH	0.0
17	3183	Other	0.9999999
17	3184	PC	1.2454664e-07
17	3184	PH	0.0
17	3184	Other	0.9999999
17	3185	PC	0.0
17	3185	PH	1.4611798e-07
17	3185	Other	0.9999999
17	3186	PC	1.2815246e-07
17	3186	PH	0.0
17	3186	Other	0.9999999
17	3187	PC	0.0
17	3187	PH	0.0
17	3187	Other	1.0
17	3188	PC	1.3308747e-07
17	3188	PH	0.0
17	3188	Other	0.9999999
17	3189	PC	8.7346145e-08
17	3189	PH	0.0
17	3189	Other	0.9999999
17	3190	PC	1.4847222e-07
17	3190	PH	0.0
17	3190	Other	0.9999999
17	3191	PC	1.0007592e-07
17	3191	PH	1.0007592e-07
17	3191	Other	0.9999999
17	3192	PC	1.4750105e-07
17	3192	PH	0.0
17	3192	Other	0.9999999
17	3193	PC	1.2163132e-07
17	3193	PH	0.0
17	3193	Other	0.9999999
17	3194	PC	0.0
17	3194	PH	8.919567e-08
17	3194	Other	0.9999999
17	3195	PC	5.719998e-08
17	3195	PH	0.0
17	3195	Other	0.9999999
17	3196	PC	1.287941e-07
17	3196	PH	0.0
17	3196	Other	0.9999999
17	3197	PC	0.0
17	3197	PH	0.0
17	3197	Other	1.0
17	3198	PC	4.8557997e-08
17	3198	PH	3.4412757e-08
17	3198	Other	1.0
17	3199	PC	0.0
17	3199	PH	7.634158e-08
17	3199	Other	0.9999999
17	3200	PC	0.0
17	3200	PH	0.0
17	3200	Other	1.0
17	3201	PC	1.3488521e-07
17	3201	PH	0.0
17	3201	Other	0.9999999
17	3202	PC	1.5077653e-07
17	3202	PH	2.2941837e-08
17	3202	Other	0.9999999
17	3203	PC	0.0
17	3203	PH	9.2308134e-08
17	3203	Other	0.9999999
17	3204	PC	0.0
17	3204	PH	1.2952897e-07
17	3204	Other	0.9999999
17	3205	PC	0.0
17	3205	PH	1.4678297e-07
17	3205	Other	0.9999999
17	3206	PC	9.837582e-08
17	3206	PH	9.837582e-08
17	3206	Other	0.9999999
17	3207	PC	0.0
17	3207	PH	1.2929677e-07
17	3207	Other	0.9999999
17	3208	PC	0.0
17	3208	PH	8.6209475e-08
17	3208	Other	0.9999999
17	3209	PC	0.0
17	3209	PH	1.2600573e-07
17	3209	Other	0.9999999
17	3210	PC	8.25285e-08
17	3210	PH	0.0
17	3210	Other	0.9999999
17	3211	PC	1.531199e-07
17	3211	PH	2.2941837e-08
17	3211	Other	0.9999999
17	3212	PC	0.0
17	3212	PH	1.4848582e-07
17	3212	Other	0.9999999
17	3213	PC	0.0
17	3213	PH	1.4559475e-07
17	3213	Other	0.9999999
17	3214	PC	0.99999976
17	3214	PH	2.0599401e-07
17	3214	Other	4.825315e-10
17	3215	PC	0.0
17	3215	PH	1.4732434e-07
17	3215	Other	0.9999999
17	3216	PC	0.0
17	3216	PH	7.796966e-08
17	3216	Other	0.9999999
17	3217	PC	0.0
17	3217	PH	7.4719615e-08
17	3217	Other	0.9999999
17	3218	PC	0.0
17	3218	PH	1.5032818e-07
17	3218	Other	0.9999999
17	3219	PC	1.3143968e-07
17	3219	PH	0.0
17	3219	Other	0.9999999
17	3220	PC	1.2950044e-07
17	3220	PH	0.0
17	3220	Other	0.9999999
17	3221	PC	1.1470919e-08
17	3221	PH	1.5158483e-07
17	3221	Other	0.9999999
17	3222	PC	0.0
17	3222	PH	9.458116e-08
17	3222	Other	0.9999999
17	3223	PC	0.0
17	3223	PH	1.2648212e-07
17	3223	Other	0.9999999
17	3224	PC	1.5326225e-07
17	3224	PH	0.0
17	3224	Other	0.9999999
17	3225	PC	3.4412757e-08
17	3225	PH	3.4617024e-08
17	3225	Other	1.0
17	3226	PC	8.2938314e-08
17	3226	PH	0.0
17	3226	Other	0.9999999
17	3227	PC	1.265306e-07
17	3227	PH	0.0
17	3227	Other	0.9999999
17	3228	PC	0.0034703687
17	3228	PH	0.13979664
17	3228	Other	0.8567331
17	3229	PC	0.0
17	3229	PH	1.2211781e-07
17	3229	Other	0.9999999
17	3230	PC	1.5315625e-07
17	3230	PH	0.0
17	3230	Other	0.9999999
17	3231	PC	0.0
17	3231	PH	8.450683e-08
17	3231	Other	0.9999999
17	3232	PC	0.0
17	3232	PH	1.5293882e-07
17	3232	Other	0.9999999
17	3233	PC	1.4129057e-07
17	3233	PH	0.0
17	3233	Other	0.9999999
17	3234	PC	0.0
17	3234	PH	8.173736e-08
17	3234	Other	0.9999999
17	3235	PC	0.0
17	3235	PH	1.4095401e-07
17	3235	Other	0.9999999
17	3236	PC	0.0
17	3236	PH	1.4464065e-07
17	3236	Other	0.9999999
17	3237	PC	0.99999976
17	3237	PH	1.1384212e-10
17	3237	Other	2.0636271e-07
17	3238	PC	1.4537657e-07
17	3238	PH	2.2941837e-08
17	3238	Other	0.9999999
17	3239	PC	0.99999976
17	3239	PH	2.052874e-07
17	3239	Other	1.1891477e-09
17	3240	PC	1.2929445e-07
17	3240	PH	0.0
17	3240	Other	0.9999999
17	3241	PC	0.0034707412
17	3241	PH	0.1397964
17	3241	Other	0.85673285
17	3242	PC	9.34535e-08
17	3242	PH	0.0
17	3242	Other	0.9999999
17	3243	PC	1.5084228e-07
17	3243	PH	2.2941837e-08
17	3243	Other	0.9999999
17	3244	PC	0.0
17	3244	PH	0.0
17	3244	Other	1.0
17	3245	PC	9.624776e-08
17	3245	PH	9.624776e-08
17	3245	Other	0.9999999
17	3246	PC	0.0
17	3246	PH	8.454579e-08
17	3246	Other	0.9999999
17	3247	PC	0.99999976
17	3247	PH	3.1305806e-08
17	3247	Other	1.7517074e-07
17	3248	PC	0.0
17	3248	PH	1.4509125e-07
17	3248	Other	0.9999999
17	3249	PC	0.99999976
17	3249	PH	2.0593002e-07
17	3249	Other	5.4652727e-10
17	3250	PC	0.0
17	3250	PH	1.3103076e-07
17	3250	Other	0.9999999
17	3251	PC	0.99999976
17	3251	PH	2.0592549e-07
17	3251	Other	5.510563e-10
17	3252	PC	8.213759e-08
17	3252	PH	0.0
17	3252	Other	0.9999999
17	3253	PC	6.7983066e-08
17	3253	PH	0.0
17	3253	Other	0.9999999
17	3254	PC	0.99999976
17	3254	PH	1.1219299e-10
17	3254	Other	2.0636436e-07
17	3255	PC	1.2077527e-07
17	3255	PH	0.0
17	3255	Other	0.9999999
17	3256	PC	0.34147552
17	3256	PH	0.65852445
17	3256	Other	0.0
17	3257	PC	1.3160152e-07
17	3257	PH	5.9211896e-16
17	3257	Other	0.9999999
17	3258	PC	4.5889212e-08
17	3258	PH	4.5889212e-08
17	3258	Other	0.9999999
17	3259	PC	1.4795046e-07
17	3259	PH	0.0
17	3259	Other	0.9999999
17	3260	PC	0.0
17	3260	PH	1.3854952e-07
17	3260	Other	0.9999999
17	3261	PC	0.99999976
17	3261	PH	3.2966518e-10
17	3261	Other	2.0614688e-07
17	3262	PC	1.476562e-07
17	3262	PH	0.0
17	3262	Other	0.9999999
17	3263	PC	0.0
17	3263	PH	1.2256493e-07
17	3263	Other	0.9999999
17	3264	PC	0.0
17	3264	PH	1.484075e-07
17	3264	Other	0.9999999
17	3265	PC	0.0
17	3265	PH	1.292287e-07
17	3265	Other	0.9999999
17	3266	PC	1.270201e-07
17	3266	PH	0.0
17	3266	Other	0.9999999
17	3267	PC	1.0854677e-07
17	3267	PH	1.0854677e-07
17	3267	Other	0.9999999
17	3268	PC	0.0
17	3268	PH	1.2984526e-07
17	3268	Other	0.9999999
17	3269	PC	0.0
17	3269	PH	1.2959335e-07
17	3269	Other	0.9999999
17	3270	PC	0.0
17	3270	PH	1.4543832e-07
17	3270	Other	0.9999999
17	3271	PC	1.5215294e-07
17	3271	PH	2.2941837e-08
17	3271	Other	0.9999999
17	3272	PC	0.0
17	3272	PH	1.3097323e-07
17	3272	Other	0.9999999
17	3273	PC	8.04376e-08
17	3273	PH	0.0
17	3273	Other	0.9999999
17	3274	PC	2.2941837e-08
17	3274	PH	1.4564344e-07
17	3274	Other	0.9999999
17	3275	PC	4.5381203e-08
17	3275	PH	4.5381203e-08
17	3275	Other	0.9999999
17	3276	PC	5.876471e-08
17	3276	PH	0.0
17	3276	Other	0.9999999
17	3277	PC	1.0679411e-07
17	3277	PH	1.0679411e-07
17	3277	Other	0.9999999
17	3278	PC	0.0
17	3278	PH	9.065496e-08
17	3278	Other	0.9999999
17	3279	PC	7.4945106e-08
17	3279	PH	7.4945106e-08
17	3279	Other	0.9999999
17	3280	PC	0.0
17	3280	PH	7.843498e-08
17	3280	Other	0.9999999
17	3281	PC	2.2941837e-08
17	3281	PH	1.5288734e-07
17	3281	Other	0.9999999
17	3282	PC	0.0
17	3282	PH	0.0
17	3282	Other	1.0
17	3283	PC	0.0
17	3283	PH	8.998787e-08
17	3283	Other	0.9999999
17	3284	PC	2.2941837e-08
17	3284	PH	1.4869617e-07
17	3284	Other	0.9999999
17	3285	PC	1.067816e-07
17	3285	PH	1.067816e-07
17	3285	Other	0.9999999
17	3286	PC	0.0
17	3286	PH	8.422693e-08
17	3286	Other	0.9999999
17	3287	PC	0.0
17	3287	PH	0.0
17	3287	Other	1.0
17	3288	PC	1.4989793e-07
17	3288	PH	0.0
17	3288	Other	0.9999999
17	3289	PC	0.0
17	3289	PH	1.3009748e-07
17	3289	Other	0.9999999
17	3290	PC	9.9525856e-08
17	3290	PH	9.9525856e-08
17	3290	Other	0.9999999
17	3291	PC	7.9187814e-08
17	3291	PH	0.0
17	3291	Other	0.9999999
17	3292	PC	5.9211896e-16
17	3292	PH	1.2524046e-07
17	3292	Other	0.9999999
17	3293	PC	7.969265e-08
17	3293	PH	0.0
17	3293	Other	0.9999999
17	3294	PC	1.4518595e-07
17	3294	PH	0.0
17	3294	Other	0.9999999
17	3295	PC	1.1470919e-08
17	3295	PH	1.5068062e-07
17	3295	Other	0.9999999
17	3296	PC	0.0
17	3296	PH	8.6006445e-08
17	3296	Other	0.9999999
17	3297	PC	1.3160945e-07
17	3297	PH	0.0
17	3297	Other	0.9999999
17	3298	PC	1.05255445e-07
17	3298	PH	1.05255445e-07
17	3298	Other	0.9999999
17	3299	PC	0.0
17	3299	PH	1.2793492e-07
17	3299	Other	0.9999999
17	3300	PC	7.69462e-08
17	3300	PH	0.0
17	3300	Other	0.9999999
17	3301	PC	1.2236147e-07
17	3301	PH	0.0
17	3301	Other	0.9999999
17	3302	PC	2.2941837e-08
17	3302	PH	1.5008621e-07
17	3302	Other	0.9999999
17	3303	PC	5.4883845e-08
17	3303	PH	0.0
17	3303	Other	0.9999999
17	3304	PC	1.2833304e-07
17	3304	PH	0.0
17	3304	Other	0.9999999
17	3305	PC	0.0
17	3305	PH	9.423582e-08
17	3305	Other	0.9999999
17	3306	PC	1.5437892e-07
17	3306	PH	2.2941837e-08
17	3306	Other	0.9999999
17	3307	PC	1.3092117e-07
17	3307	PH	5.9211896e-16
17	3307	Other	0.9999999
17	3308	PC	0.0
17	3308	PH	1.3076955e-07
17	3308	Other	0.9999999
17	3309	PC	0.0
17	3309	PH	1.2930572e-07
17	3309	Other	0.9999999
17	3310	PC	0.0
17	3310	PH	1.3743744e-07
17	3310	Other	0.9999999
17	3311	PC	4.5883677e-08
17	3311	PH	4.5883677e-08
17	3311	Other	0.99999994
17	3312	PC	0.0
17	3312	PH	1.2322892e-07
17	3312	Other	0.9999999
17	3313	PC	0.0
17	3313	PH	1.3483961e-07
17	3313	Other	0.9999999
17	3314	PC	1.1470919e-08
17	3314	PH	1.5200497e-07
17	3314	Other	0.9999999
17	3315	PC	1.5114871e-07
17	3315	PH	0.0
17	3315	Other	0.9999999
17	3316	PC	5.8275806e-08
17	3316	PH	5.8275806e-08
17	3316	Other	0.9999999
17	3317	PC	1.2945372e-07
17	3317	PH	0.0
17	3317	Other	0.9999999
17	3318	PC	0.0
17	3318	PH	8.3381664e-08
17	3318	Other	0.9999999
17	3319	PC	0.0
17	3319	PH	1.2251141e-07
17	3319	Other	0.9999999
17	3320	PC	0.0
17	3320	PH	1.2680114e-07
17	3320	Other	0.9999999
17	3321	PC	0.0
17	3321	PH	1.3086145e-07
17	3321	Other	0.9999999
17	3322	PC	0.0
17	3322	PH	0.0
17	3322	Other	1.0
17	3323	PC	0.0
17	3323	PH	8.416517e-08
17	3323	Other	0.9999999
17	3324	PC	5.8942742e-08
17	3324	PH	0.0
17	3324	Other	0.9999999
17	3325	PC	7.912319e-08
17	3325	PH	0.0
17	3325	Other	0.9999999
17	3326	PC	1.2897932e-07
17	3326	PH	0.0
17	3326	Other	0.9999999
17	3327	PC	0.0
17	3327	PH	1.3024591e-07
17	3327	Other	0.9999999
17	3328	PC	0.0
17	3328	PH	9.3025385e-08
17	3328	Other	0.9999999
17	3329	PC	8.8241755e-08
17	3329	PH	8.8241755e-08
17	3329	Other	0.9999999
17	3330	PC	7.3484664e-08
17	3330	PH	0.0
17	3330	Other	0.9999999
17	3331	PC	1.2349663e-07
17	3331	PH	0.0
17	3331	Other	0.9999999
17	3332	PC	0.0
17	3332	PH	1.2452244e-07
17	3332	Other	0.9999999
17	3333	PC	1.365225e-07
17	3333	PH	0.0
17	3333	Other	0.9999999
17	3334	PC	0.0
17	3334	PH	7.930924e-08
17	3334	Other	0.9999999
17	3335	PC	0.0
17	3335	PH	8.4993225e-08
17	3335	Other	0.9999999
17	3336	PC	7.857163e-08
17	3336	PH	0.0
17	3336	Other	0.9999999
17	3337	PC	0.0
17	3337	PH	0.0
17	3337	Other	1.0
17	3338	PC	1.470298e-07
17	3338	PH	1.1470919e-08
17	3338	Other	0.9999999
17	3339	PC	1.1470919e-08
17	3339	PH	1.5121871e-07
17	3339	Other	0.9999999
17	3340	PC	7.951043e-08
17	3340	PH	0.0
17	3340	Other	0.9999999
17	3341	PC	1.3013764e-07
17	3341	PH	0.0
17	3341	Other	0.9999999
17	3342	PC	1.0139333e-07
17	3342	PH	1.0139333e-07
17	3342	Other	0.9999999
17	3343	PC	8.094738e-08
17	3343	PH	0.0
17	3343	Other	0.9999999
17	3344	PC	2.2941837e-08
17	3344	PH	1.4643761e-07
17	3344	Other	0.9999999
17	3345	PC	1.2284833e-07
17	3345	PH	0.0
17	3345	Other	0.9999999
17	3346	PC	0.0
17	3346	PH	7.814966e-08
17	3346	Other	0.9999999
17	3347	PC	1.4677538e-07
17	3347	PH	2.2941837e-08
17	3347	Other	0.9999999
17	3348	PC	7.7782474e-08
17	3348	PH	7.7782474e-08
17	3348	Other	0.9999999
17	3349	PC	1.2757563e-07
17	3349	PH	0.0
17	3349	Other	0.9999999
17	3350	PC	0.0
17	3350	PH	0.0
17	3350	Other	1.0
17	3351	PC	9.592771e-08
17	3351	PH	0.0
17	3351	Other	0.9999999
17	3352	PC	0.0
17	3352	PH	1.5456544e-07
17	3352	Other	0.9999999
17	3353	PC	1.4491053e-07
17	3353	PH	0.0
17	3353	Other	0.9999999
17	3354	PC	0.0
17	3354	PH	1.4623464e-07
17	3354	Other	0.9999999
17	3355	PC	1.2882694e-07
17	3355	PH	0.0
17	3355	Other	0.9999999
17	3356	PC	0.0
17	3356	PH	9.1732964e-08
17	3356	Other	0.9999999
17	3357	PC	0.0
17	3357	PH	1.5436483e-07
17	3357	Other	0.9999999
17	3358	PC	1.5451097e-07
17	3358	PH	2.2941837e-08
17	3358	Other	0.9999999
17	3359	PC	0.99999976
17	3359	PH	1.06421e-10
17	3359	Other	2.0637013e-07
17	3360	PC	0.0
17	3360	PH	8.715826e-08
17	3360	Other	0.9999999
17	3361	PC	0.99999976
17	3361	PH	7.245379e-11
17	3361	Other	2.064041e-07
17	3362	PC	1.4176793e-07
17	3362	PH	2.2941837e-08
17	3362	Other	0.9999999
17	3363	PC	0.99999976
17	3363	PH	2.0599872e-07
17	3363	Other	4.778299e-10
17	3364	PC	0.0
17	3364	PH	9.9017036e-08
17	3364	Other	0.9999999
17	3365	PC	1.3453602e-07
17	3365	PH	0.0
17	3365	Other	0.9999999
17	3366	PC	1.302345e-07
17	3366	PH	0.0
17	3366	Other	0.9999999
17	3367	PC	0.99999976
17	3367	PH	1.1608882e-10
17	3367	Other	2.0636045e-07
17	3368	PC	8.8517346e-08
17	3368	PH	0.0
17	3368	Other	0.9999999
17	3369	PC	1.4981174e-07
17	3369	PH	0.0
17	3369	Other	0.9999999
17	3370	PC	1.5136497e-07
17	3370	PH	1.1470919e-08
17	3370	Other	0.9999999
17	3371	PC	1.0208867e-07
17	3371	PH	1.0953926e-07
17	3371	Other	0.9999999
17	3372	PC	6.194005e-08
17	3372	PH	6.194005e-08
17	3372	Other	0.9999999
17	3373	PC	0.0
17	3373	PH	1.2321645e-07
17	3373	Other	0.9999999
17	3374	PC	1.2988113e-07
17	3374	PH	0.0
17	3374	Other	0.9999999
17	3375	PC	0.0
17	3375	PH	0.0
17	3375	Other	1.0
17	3376	PC	1.3097144e-07
17	3376	PH	0.0
17	3376	Other	0.9999999
17	3377	PC	1.5406088e-07
17	3377	PH	1.1470919e-08
17	3377	Other	0.9999999
17	3378	PC	1.5170305e-07
17	3378	PH	2.2941837e-08
17	3378	Other	0.9999999
17	3379	PC	1.2283472e-07
17	3379	PH	0.0
17	3379	Other	0.9999999
17	3380	PC	2.2941837e-08
17	3380	PH	1.5370334e-07
17	3380	Other	0.9999999
17	3381	PC	1.378125e-07
17	3381	PH	0.0
17	3381	Other	0.9999999
17	3382	PC	0.82014155
17	3382	PH	0.17985839
17	3382	Other	0.0
17	3383	PC	0.0
17	3383	PH	1.4844845e-07
17	3383	Other	0.9999999
17	3384	PC	0.99999976
17	3384	PH	1.1376829e-10
17	3384	Other	2.0636278e-07
17	3385	PC	5.333563e-08
17	3385	PH	0.0
17	3385	Other	0.9999999
17	3386	PC	0.0
17	3386	PH	0.0
17	3386	Other	1.0
17	3387	PC	0.99999976
17	3387	PH	1.1849009e-10
17	3387	Other	2.0635805e-07
17	3388	PC	2.2941837e-08
17	3388	PH	8.154397e-08
17	3388	Other	0.9999999
17	3389	PC	7.6044465e-08
17	3389	PH	0.0
17	3389	Other	0.9999999
17	3390	PC	0.99999976
17	3390	PH	2.0594757e-07
17	3390	Other	5.2897753e-10
17	3391	PC	1.5050956e-07
17	3391	PH	0.0
17	3391	Other	0.9999999
17	3392	PC	0.99999976
17	3392	PH	2.0601394e-07
17	3392	Other	4.6261853e-10
17	3393	PC	1.5082523e-07
17	3393	PH	2.2941837e-08
17	3393	Other	0.9999999
17	3394	PC	0.99999976
17	3394	PH	2.0593585e-07
17	3394	Other	5.4070615e-10
17	3395	PC	8.1285535e-08
17	3395	PH	0.0
17	3395	Other	0.9999999
17	3396	PC	0.99999976
17	3396	PH	8.673262e-11
17	3396	Other	2.0638983e-07
17	3397	PC	9.0829964e-08
17	3397	PH	0.0
17	3397	Other	0.9999999
17	3398	PC	0.8201417
17	3398	PH	0.17985833
17	3398	Other	0.0
17	3399	PC	8.5889916e-08
17	3399	PH	0.0
17	3399	Other	0.9999999
18	3400	PC	9.605651e-08
18	3400	PH	0.0
18	3400	Other	0.9999999
18	3401	PC	0.0
18	3401	PH	1.2371196e-07
18	3401	Other	0.9999999
18	3402	PC	1.1470919e-08
18	3402	PH	1.5389125e-07
18	3402	Other	0.9999999
18	3403	PC	2.2941837e-08
18	3403	PH	1.485635e-07
18	3403	Other	0.9999999
18	3404	PC	1.2763407e-07
18	3404	PH	0.0
18	3404	Other	0.9999999
18	3405	PC	0.0
18	3405	PH	5.2428692e-08
18	3405	Other	0.9999999
18	3406	PC	1.2586268e-07
18	3406	PH	0.0
18	3406	Other	0.9999999
18	3407	PC	8.977087e-08
18	3407	PH	0.0
18	3407	Other	0.9999999
18	3408	PC	0.0
18	3408	PH	1.2952212e-07
18	3408	Other	0.9999999
18	3409	PC	2.2941837e-08
18	3409	PH	1.5151721e-07
18	3409	Other	0.9999999
18	3410	PC	0.0
18	3410	PH	1.510918e-07
18	3410	Other	0.9999999
18	3411	PC	0.0
18	3411	PH	1.3074012e-07
18	3411	Other	0.9999999
18	3412	PC	1.4568123e-07
18	3412	PH	0.0
18	3412	Other	0.9999999
18	3413	PC	0.0
18	3413	PH	1.30955e-07
18	3413	Other	0.9999999
18	3414	PC	1.279774e-07
18	3414	PH	0.0
18	3414	Other	0.9999999
18	3415	PC	1.2290108e-07
18	3415	PH	0.0
18	3415	Other	0.9999999
18	3416	PC	0.0
18	3416	PH	1.4408137e-07
18	3416	Other	0.9999999
18	3417	PC	0.0
18	3417	PH	1.2075951e-07
18	3417	Other	0.9999999
18	3418	PC	0.0
18	3418	PH	1.2585048e-07
18	3418	Other	0.9999999
18	3419	PC	1.4704355e-07
18	3419	PH	2.2941837e-08
18	3419	Other	0.9999999
18	3420	PC	0.0
18	3420	PH	8.479702e-08
18	3420	Other	0.9999999
18	3421	PC	0.0
18	3421	PH	1.4423568e-07
18	3421	Other	0.9999999
18	3422	PC	1.5122625e-07
18	3422	PH	0.0
18	3422	Other	0.9999999
18	3423	PC	0.0
18	3423	PH	1.2592692e-07
18	3423	Other	0.9999999
18	3424	PC	1.238356e-07
18	3424	PH	0.0
18	3424	Other	0.9999999
18	3425	PC	0.99999976
18	3425	PH	1.2240778e-10
18	3425	Other	2.0635414e-07
18	3426	PC	2.2941837e-08
18	3426	PH	7.866726e-08
18	3426	Other	0.9999999
18	3427	PC	1.5390762e-07
18	3427	PH	1.1470919e-08
18	3427	Other	0.9999999
18	3428	PC	2.2941837e-08
18	3428	PH	1.5484258e-07
18	3428	Other	0.9999999
18	3429	PC	8.812771e-08
18	3429	PH	0.0
18	3429	Other	0.9999999
18	3430	PC	8.968831e-08
18	3430	PH	0.0
18	3430	Other	0.9999999
18	3431	PC	0.0
18	3431	PH	1.4808957e-07
18	3431	Other	0.9999999
18	3432	PC	1.5338708e-07
18	3432	PH	0.0
18	3432	Other	0.9999999
18	3433	PC	1.3313404e-07
18	3433	PH	0.0
18	3433	Other	0.9999999
18	3434	PC	9.685098e-08
18	3434	PH	0.0
18	3434	Other	0.9999999
18	3435	PC	1.3708161e-07
18	3435	PH	0.0
18	3435	Other	0.9999999
18	3436	PC	1.251408e-07
18	3436	PH	0.0
18	3436	Other	0.9999999
18	3437	PC	0.0
18	3437	PH	0.0
18	3437	Other	1.0
18	3438	PC	0.0
18	3438	PH	1.285767e-07
18	3438	Other	0.9999999
18	3439	PC	1.5137108e-07
18	3439	PH	0.0
18	3439	Other	0.9999999
18	3440	PC	0.0
18	3440	PH	1.5355494e-07
18	3440	Other	0.9999999
18	3441	PC	1.2483225e-07
18	3441	PH	0.0
18	3441	Other	0.9999999
18	3442	PC	1.4612618e-07
18	3442	PH	0.0
18	3442	Other	0.9999999
18	3443	PC	1.4256491e-07
18	3443	PH	2.2941837e-08
18	3443	Other	0.9999999
18	3444	PC	0.0
18	3444	PH	0.0
18	3444	Other	1.0
18	3445	PC	5.9211896e-16
18	3445	PH	1.2229147e-07
18	3445	Other	0.9999999
18	3446	PC	2.2941837e-08
18	3446	PH	1.5467887e-07
18	3446	Other	0.9999999
18	3447	PC	0.0
18	3447	PH	1.2166971e-07
18	3447	Other	0.9999999
18	3448	PC	0.0
18	3448	PH	0.0
18	3448	Other	1.0
18	3449	PC	1.4259683e-07
18	3449	PH	0.0
18	3449	Other	0.9999999
18	3450	PC	1.2800075e-07
18	3450	PH	0.0
18	3450	Other	0.9999999
18	3451	PC	1.2514411e-07
18	3451	PH	0.0
18	3451	Other	0.9999999
18	3452	PC	8.015524e-08
18	3452	PH	8.015524e-08
18	3452	Other	0.9999999
18	3453	PC	0.0
18	3453	PH	9.061511e-08
18	3453	Other	0.9999999
18	3454	PC	0.0
18	3454	PH	1.436287e-07
18	3454	Other	0.9999999
18	3455	PC	0.0
18	3455	PH	8.665268e-08
18	3455	Other	0.9999999
18	3456	PC	0.0
18	3456	PH	1.4542486e-07
18	3456	Other	0.9999999
18	3457	PC	1.303831e-07
18	3457	PH	0.0
18	3457	Other	0.9999999
18	3458	PC	0.0
18	3458	PH	1.224393e-07
18	3458	Other	0.9999999
18	3459	PC	1.3136683e-07
18	3459	PH	0.0
18	3459	Other	0.9999999
18	3460	PC	0.0
18	3460	PH	1.355689e-07
18	3460	Other	0.9999999
18	3461	PC	0.0
18	3461	PH	1.2564384e-07
18	3461	Other	0.9999999
18	3462	PC	0.0
18	3462	PH	1.2278349e-07
18	3462	Other	0.9999999
18	3463	PC	0.0
18	3463	PH	1.2767515e-07
18	3463	Other	0.9999999
18	3464	PC	1.2255315e-07
18	3464	PH	0.0
18	3464	Other	0.9999999
18	3465	PC	1.4402053e-07
18	3465	PH	0.0
18	3465	Other	0.9999999
18	3466	PC	2.2941837e-08
18	3466	PH	1.5036802e-07
18	3466	Other	0.9999999
18	3467	PC	1.4679411e-07
18	3467	PH	0.0
18	3467	Other	0.9999999
18	3468	PC	3.4412757e-08
18	3468	PH	3.4412757e-08
18	3468	Other	1.0
18	3469	PC	1.5017854e-07
18	3469	PH	2.2941837e-08
18	3469	Other	0.9999999
18	3470	PC	5.734565e-08
18	3470	PH	5.734565e-08
18	3470	Other	0.9999999
18	3471	PC	2.2941837e-08
18	3471	PH	1.5434986e-07
18	3471	Other	0.9999999
18	3472	PC	8.0321534e-08
18	3472	PH	0.0
18	3472	Other	0.9999999
18	3473	PC	1.5053509e-07
18	3473	PH	0.0
18	3473	Other	0.9999999
18	3474	PC	0.99999976
18	3474	PH	2.0010333e-08
18	3474	Other	1.8646622e-07
18	3475	PC	1.2293407e-07
18	3475	PH	0.0
18	3475	Other	0.9999999
18	3476	PC	1.2297374e-07
18	3476	PH	0.0
18	3476	Other	0.9999999
18	3477	PC	9.1768776e-08
18	3477	PH	9.1768776e-08
18	3477	Other	0.9999999
18	3478	PC	1.5014119e-07
18	3478	PH	2.2941837e-08
18	3478	Other	0.9999999
18	3479	PC	1.8000416e-12
18	3479	PH	1.8000416e-12
18	3479	Other	0.99999994
18	3480	PC	0.0
18	3480	PH	0.0
18	3480	Other	1.0
18	3481	PC	1.2285415e-07
18	3481	PH	0.0
18	3481	Other	0.9999999
18	3482	PC	0.0
18	3482	PH	0.0
18	3482	Other	1.0
18	3483	PC	1.2372577e-07
18	3483	PH	5.9211896e-16
18	3483	Other	0.9999999
18	3484	PC	0.82014155
18	3484	PH	0.17985845
18	3484	Other	0.0
18	3485	PC	1.4628387e-07
18	3485	PH	0.0
18	3485	Other	0.9999999
18	3486	PC	1.4859538e-07
18	3486	PH	2.2941837e-08
18	3486	Other	0.9999999
18	3487	PC	0.32172322
18	3487	PH	0.6782768
18	3487	Other	0.0
18	3488	PC	0.0
18	3488	PH	1.4148846e-07
18	3488	Other	0.9999999
18	3489	PC	0.32172328
18	3489	PH	0.6782768
18	3489	Other	0.0
18	3490	PC	0.0
18	3490	PH	1.2865114e-07
18	3490	Other	0.9999999
18	3491	PC	0.0
18	3491	PH	1.400183e-07
18	3491	Other	0.9999999
18	3492	PC	8.3151384e-08
18	3492	PH	8.3151384e-08
18	3492	Other	0.9999999
18	3493	PC	0.0
18	3493	PH	1.5030146e-07
18	3493	Other	0.9999999
18	3494	PC	5.983654e-08
18	3494	PH	5.983654e-08
18	3494	Other	0.9999999
18	3495	PC	1.1470919e-08
18	3495	PH	1.4775671e-07
18	3495	Other	0.9999999
18	3496	PC	0.0
18	3496	PH	1.252309e-07
18	3496	Other	0.9999999
18	3497	PC	1.2355837e-07
18	3497	PH	0.0
18	3497	Other	0.9999999
18	3498	PC	0.0
18	3498	PH	7.644202e-08
18	3498	Other	0.9999999
18	3499	PC	7.272086e-08
18	3499	PH	0.0
18	3499	Other	0.9999999
18	3500	PC	1.4844764e-07
18	3500	PH	2.2941837e-08
18	3500	Other	0.9999999
18	3501	PC	5.3472757e-08
18	3501	PH	5.3472757e-08
18	3501	Other	0.9999999
18	3502	PC	0.0
18	3502	PH	1.517164e-07
18	3502	Other	0.9999999
18	3503	PC	9.334767e-08
18	3503	PH	0.0
18	3503	Other	0.9999999
18	3504	PC	2.2941837e-08
18	3504	PH	1.5476012e-07
18	3504	Other	0.9999999
18	3505	PC	0.0
18	3505	PH	0.0
18	3505	Other	1.0
18	3506	PC	0.0
18	3506	PH	1.2763367e-07
18	3506	Other	0.9999999
18	3507	PC	1.1470919e-08
18	3507	PH	1.4976305e-07
18	3507	Other	0.9999999
18	3508	PC	0.99999976
18	3508	PH	1.1384077e-10
18	3508	Other	2.0636271e-07
18	3509	PC	0.0
18	3509	PH	1.207316e-07
18	3509	Other	0.9999999
18	3510	PC	1.2712266e-07
18	3510	PH	0.0
18	3510	Other	0.9999999
18	3511	PC	0.0
18	3511	PH	1.307716e-07
18	3511	Other	0.9999999
18	3512	PC	0.0
18	3512	PH	0.0
18	3512	Other	1.0
18	3513	PC	1.4986995e-07
18	3513	PH	0.0
18	3513	Other	0.9999999
18	3514	PC	1.3287578e-07
18	3514	PH	0.0
18	3514	Other	0.9999999
18	3515	PC	0.0
18	3515	PH	1.2864365e-07
18	3515	Other	0.9999999
18	3516	PC	0.0
18	3516	PH	0.0
18	3516	Other	1.0
18	3517	PC	0.0
18	3517	PH	1.2085829e-07
18	3517	Other	0.9999999
18	3518	PC	7.641011e-08
18	3518	PH	7.641011e-08
18	3518	Other	0.9999999
18	3519	PC	1.2145776e-07
18	3519	PH	0.0
18	3519	Other	0.9999999
18	3520	PC	0.0
18	3520	PH	8.386669e-08
18	3520	Other	0.9999999
18	3521	PC	0.0
18	3521	PH	1.247779e-07
18	3521	Other	0.9999999
18	3522	PC	7.8678156e-08
18	3522	PH	0.0
18	3522	Other	0.9999999
18	3523	PC	0.0
18	3523	PH	1.2300974e-07
18	3523	Other	0.9999999
18	3524	PC	7.754027e-08
18	3524	PH	0.0
18	3524	Other	0.9999999
18	3525	PC	6.742261e-08
18	3525	PH	0.0
18	3525	Other	0.9999999
18	3526	PC	8.270176e-08
18	3526	PH	0.0
18	3526	Other	0.9999999
18	3527	PC	0.0
18	3527	PH	1.4668365e-07
18	3527	Other	0.9999999
18	3528	PC	7.542117e-08
18	3528	PH	7.542117e-08
18	3528	Other	0.9999999
18	3529	PC	1.3003516e-07
18	3529	PH	5.9211896e-16
18	3529	Other	0.9999999
18	3530	PC	0.0
18	3530	PH	8.04926e-08
18	3530	Other	0.9999999
18	3531	PC	0.0
18	3531	PH	1.4743159e-07
18	3531	Other	0.9999999
18	3532	PC	0.0
18	3532	PH	1.43852e-07
18	3532	Other	0.9999999
18	3533	PC	0.0
18	3533	PH	1.3188033e-07
18	3533	Other	0.9999999
18	3534	PC	0.0
18	3534	PH	0.0
18	3534	Other	1.0
18	3535	PC	1.3140117e-07
18	3535	PH	0.0
18	3535	Other	0.9999999
18	3536	PC	1.4822685e-07
18	3536	PH	0.0
18	3536	Other	0.9999999
18	3537	PC	1.3632287e-07
18	3537	PH	0.0
18	3537	Other	0.9999999
18	3538	PC	0.0
18	3538	PH	1.4826016e-07
18	3538	Other	0.9999999
18	3539	PC	7.742459e-08
18	3539	PH	7.742459e-08
18	3539	Other	0.9999999
18	3540	PC	1.2883693e-07
18	3540	PH	0.0
18	3540	Other	0.9999999
18	3541	PC	0.0
18	3541	PH	1.2109618e-07
18	3541	Other	0.9999999
18	3542	PC	1.2846496e-07
18	3542	PH	0.0
18	3542	Other	0.9999999
18	3543	PC	1.4297467e-07
18	3543	PH	0.0
18	3543	Other	0.9999999
18	3544	PC	1.452482e-07
18	3544	PH	0.0
18	3544	Other	0.9999999
18	3545	PC	0.99999976
18	3545	PH	5.0843605e-09
18	3545	Other	2.0139218e-07
18	3546	PC	1.0323881e-07
18	3546	PH	1.0323881e-07
18	3546	Other	0.9999999
18	3547	PC	1.458652e-07
18	3547	PH	2.2941837e-08
18	3547	Other	0.9999999
18	3548	PC	0.99999976
18	3548	PH	1.4942153e-10
18	3548	Other	2.0632713e-07
18	3549	PC	1.3132947e-07
18	3549	PH	0.0
18	3549	Other	0.9999999
18	3550	PC	1.5173346e-07
18	3550	PH	0.0
18	3550	Other	0.9999999
18	3551	PC	0.0
18	3551	PH	1.2558189e-07
18	3551	Other	0.9999999
18	3552	PC	9.639578e-08
18	3552	PH	0.0
18	3552	Other	0.9999999
18	3553	PC	0.9924098
18	3553	PH	0.0
18	3553	Other	0.0075901556
18	3554	PC	1.2740685e-07
18	3554	PH	0.0
18	3554	Other	0.9999999
18	3555	PC	0.0
18	3555	PH	0.0
18	3555	Other	1.0
18	3556	PC	1.2418859e-07
18	3556	PH	5.9211896e-16
18	3556	Other	0.9999999
18	3557	PC	0.99999976
18	3557	PH	1.1384077e-10
18	3557	Other	2.0636271e-07
18	3558	PC	1.4991936e-07
18	3558	PH	0.0
18	3558	Other	0.9999999
18	3559	PC	8.283694e-08
18	3559	PH	0.0
18	3559	Other	0.9999999
18	3560	PC	1.505412e-07
18	3560	PH	2.2941837e-08
18	3560	Other	0.9999999
18	3561	PC	0.9924213
18	3561	PH	0.0
18	3561	Other	0.0075786817
18	3562	PC	0.0
18	3562	PH	0.0
18	3562	Other	1.0
18	3563	PC	1.415146e-07
18	3563	PH	2.2941837e-08
18	3563	Other	0.9999999
18	3564	PC	0.99999976
18	3564	PH	1.07220975e-10
18	3564	Other	2.0636934e-07
18	3565	PC	1.2709675e-07
18	3565	PH	5.9211896e-16
18	3565	Other	0.9999999
18	3566	PC	0.99999976
18	3566	PH	3.8161155e-10
18	3566	Other	2.0609494e-07
18	3567	PC	0.0
18	3567	PH	1.2352515e-07
18	3567	Other	0.9999999
18	3568	PC	0.99999976
18	3568	PH	3.2965147e-10
18	3568	Other	2.061469e-07
18	3569	PC	0.0
18	3569	PH	1.3126697e-07
18	3569	Other	0.9999999
18	3570	PC	1.4708809e-07
18	3570	PH	0.0
18	3570	Other	0.9999999
18	3571	PC	1.2336558e-07
18	3571	PH	0.0
18	3571	Other	0.9999999
18	3572	PC	8.3966405e-08
18	3572	PH	8.3966405e-08
18	3572	Other	0.9999999
18	3573	PC	0.99999976
18	3573	PH	2.0600103e-07
18	3573	Other	4.755165e-10
18	3574	PC	1.23952e-07
18	3574	PH	0.0
18	3574	Other	0.9999999
18	3575	PC	6.055585e-08
18	3575	PH	1.14709175e-08
18	3575	Other	0.99999994
19	3576	PC	0.0
19	3576	PH	1.3193176e-07
19	3576	Other	0.9999999
19	3577	PC	0.0
19	3577	PH	1.3122256e-07
19	3577	Other	0.9999999
19	3578	PC	0.0
19	3578	PH	1.2887016e-07
19	3578	Other	0.9999999
19	3579	PC	8.3028844e-08
19	3579	PH	8.3028844e-08
19	3579	Other	0.9999999
19	3580	PC	5.4897225e-08
19	3580	PH	5.4897225e-08
19	3580	Other	0.9999999
19	3581	PC	1.4952161e-07
19	3581	PH	0.0
19	3581	Other	0.9999999
19	3582	PC	0.0
19	3582	PH	1.4973023e-07
19	3582	Other	0.9999999
19	3583	PC	1.2926215e-07
19	3583	PH	0.0
19	3583	Other	0.9999999
19	3584	PC	1.5086789e-07
19	3584	PH	0.0
19	3584	Other	0.9999999
19	3585	PC	1.3091199e-07
19	3585	PH	0.0
19	3585	Other	0.9999999
19	3586	PC	1.3732785e-07
19	3586	PH	0.0
19	3586	Other	0.9999999
19	3587	PC	0.0
19	3587	PH	0.0
19	3587	Other	1.0
19	3588	PC	0.0
19	3588	PH	0.0
19	3588	Other	1.0
19	3589	PC	0.0
19	3589	PH	1.4639335e-07
19	3589	Other	0.9999999
19	3590	PC	0.0
19	3590	PH	6.9764106e-08
19	3590	Other	0.9999999
19	3591	PC	1.4987133e-07
19	3591	PH	0.0
19	3591	Other	0.9999999
19	3592	PC	8.00831e-08
19	3592	PH	0.0
19	3592	Other	0.9999999
19	3593	PC	5.9211896e-16
19	3593	PH	1.2532665e-07
19	3593	Other	0.9999999
19	3594	PC	7.732253e-08
19	3594	PH	0.0
19	3594	Other	0.9999999
19	3595	PC	2.2941837e-08
19	3595	PH	1.438423e-07
19	3595	Other	0.9999999
19	3596	PC	0.0
19	3596	PH	1.2158058e-07
19	3596	Other	0.9999999
19	3597	PC	3.5271714e-08
19	3597	PH	3.5271714e-08
19	3597	Other	0.9999999
19	3598	PC	0.99999976
19	3598	PH	1.0751634e-10
19	3598	Other	2.0636904e-07
19	3599	PC	0.0
19	3599	PH	1.208226e-07
19	3599	Other	0.9999999
19	3600	PC	0.0
19	3600	PH	0.0
19	3600	Other	1.0
19	3601	PC	0.0056765764
19	3601	PH	0.0
19	3601	Other	0.9943234
19	3602	PC	1.0705531e-07
19	3602	PH	1.0705531e-07
19	3602	Other	0.9999999
19	3603	PC	1.276356e-07
19	3603	PH	0.0
19	3603	Other	0.9999999
19	3604	PC	7.864997e-08
19	3604	PH	0.0
19	3604	Other	0.9999999
19	3605	PC	1.4950247e-07
19	3605	PH	0.0
19	3605	Other	0.9999999
19	3606	PC	0.0
19	3606	PH	1.499983e-07
19	3606	Other	0.9999999
19	3607	PC	0.0
19	3607	PH	1.5102292e-07
19	3607	Other	0.9999999
19	3608	PC	8.3594315e-08
19	3608	PH	0.0
19	3608	Other	0.9999999
19	3609	PC	1.5355172e-07
19	3609	PH	2.2941837e-08
19	3609	Other	0.9999999
19	3610	PC	1.5171531e-07
19	3610	PH	0.0
19	3610	Other	0.9999999
19	3611	PC	1.1236344e-07
19	3611	PH	0.0
19	3611	Other	0.9999999
19	3612	PC	1.2168913e-07
19	3612	PH	0.0
19	3612	Other	0.9999999
19	3613	PC	1.2377082e-07
19	3613	PH	0.0
19	3613	Other	0.9999999
19	3614	PC	1.2231465e-07
19	3614	PH	0.0
19	3614	Other	0.9999999
19	3615	PC	1.5120634e-07
19	3615	PH	0.0
19	3615	Other	0.9999999
19	3616	PC	0.0
19	3616	PH	1.2705793e-07
19	3616	Other	0.9999999
19	3617	PC	9.447238e-08
19	3617	PH	0.0
19	3617	Other	0.9999999
19	3618	PC	1.5360331e-07
19	3618	PH	0.0
19	3618	Other	0.9999999
19	3619	PC	0.0
19	3619	PH	0.0
19	3619	Other	1.0
19	3620	PC	0.0
19	3620	PH	1.3991895e-07
19	3620	Other	0.9999999
19	3621	PC	0.0
19	3621	PH	0.0
19	3621	Other	1.0
19	3622	PC	0.0
19	3622	PH	9.6395944e-08
19	3622	Other	0.9999999
19	3623	PC	0.0
19	3623	PH	1.3100568e-07
19	3623	Other	0.9999999
19	3624	PC	0.0
19	3624	PH	1.3089543e-07
19	3624	Other	0.9999999
19	3625	PC	1.4823108e-07
19	3625	PH	2.2941837e-08
19	3625	Other	0.9999999
19	3626	PC	0.0
19	3626	PH	0.0
19	3626	Other	1.0
19	3627	PC	1.2158547e-07
19	3627	PH	0.0
19	3627	Other	0.9999999
19	3628	PC	1.3724362e-07
19	3628	PH	0.0
19	3628	Other	0.9999999
19	3629	PC	1.2605074e-07
19	3629	PH	0.0
19	3629	Other	0.9999999
19	3630	PC	0.0
19	3630	PH	1.3158306e-07
19	3630	Other	0.9999999
19	3631	PC	0.0
19	3631	PH	1.248759e-07
19	3631	Other	0.9999999
19	3632	PC	1.1470919e-08
19	3632	PH	8.375279e-08
19	3632	Other	0.9999999
19	3633	PC	7.635141e-08
19	3633	PH	0.0
19	3633	Other	0.9999999
19	3634	PC	1.2870629e-07
19	3634	PH	0.0
19	3634	Other	0.9999999
19	3635	PC	0.0
19	3635	PH	1.2440852e-07
19	3635	Other	0.9999999
19	3636	PC	0.0
19	3636	PH	0.0
19	3636	Other	1.0
19	3637	PC	0.0
19	3637	PH	0.0
19	3637	Other	1.0
19	3638	PC	0.0
19	3638	PH	1.3128839e-07
19	3638	Other	0.9999999
19	3639	PC	0.0
19	3639	PH	1.3831352e-07
19	3639	Other	0.9999999
19	3640	PC	0.0
19	3640	PH	1.4477882e-07
19	3640	Other	0.9999999
19	3641	PC	9.576993e-08
19	3641	PH	0.0
19	3641	Other	0.9999999
19	3642	PC	0.0
19	3642	PH	0.0
19	3642	Other	1.0
19	3643	PC	0.0
19	3643	PH	1.3370433e-07
19	3643	Other	0.9999999
19	3644	PC	1.4060396e-07
19	3644	PH	0.0
19	3644	Other	0.9999999
19	3645	PC	1.2063333e-07
19	3645	PH	0.0
19	3645	Other	0.9999999
19	3646	PC	1.2444427e-07
19	3646	PH	0.0
19	3646	Other	0.9999999
19	3647	PC	0.0
19	3647	PH	5.792977e-08
19	3647	Other	0.9999999
19	3648	PC	0.0
19	3648	PH	1.4362492e-07
19	3648	Other	0.9999999
19	3649	PC	0.0
19	3649	PH	1.3695586e-07
19	3649	Other	0.9999999
19	3650	PC	7.9523794e-08
19	3650	PH	7.9523794e-08
19	3650	Other	0.9999999
19	3651	PC	9.401378e-08
19	3651	PH	0.0
19	3651	Other	0.9999999
19	3652	PC	0.0
19	3652	PH	1.2574947e-07
19	3652	Other	0.9999999
19	3653	PC	9.494773e-08
19	3653	PH	0.0
19	3653	Other	0.9999999
19	3654	PC	0.0
19	3654	PH	1.2257074e-07
19	3654	Other	0.9999999
19	3655	PC	8.166263e-08
19	3655	PH	1.1470919e-08
19	3655	Other	0.9999999
19	3656	PC	0.0
19	3656	PH	1.4662771e-07
19	3656	Other	0.9999999
19	3657	PC	8.4137056e-08
19	3657	PH	0.0
19	3657	Other	0.9999999
19	3658	PC	0.0034707338
19	3658	PH	0.1397964
19	3658	Other	0.85673285
19	3659	PC	0.0
19	3659	PH	1.2320154e-07
19	3659	Other	0.9999999
19	3660	PC	0.0
19	3660	PH	0.0
19	3660	Other	1.0
19	3661	PC	0.0
19	3661	PH	5.7902373e-08
19	3661	Other	0.9999999
19	3662	PC	0.0
19	3662	PH	1.2236136e-07
19	3662	Other	0.9999999
19	3663	PC	1.2988399e-07
19	3663	PH	0.0
19	3663	Other	0.9999999
19	3664	PC	0.0
19	3664	PH	0.0
19	3664	Other	1.0
19	3665	PC	0.32172325
19	3665	PH	0.6782768
19	3665	Other	0.0
19	3666	PC	0.0
19	3666	PH	1.2673692e-07
19	3666	Other	0.9999999
19	3667	PC	2.2941837e-08
19	3667	PH	1.4434889e-07
19	3667	Other	0.9999999
19	3668	PC	0.8201417
19	3668	PH	0.17985836
19	3668	Other	0.0
19	3669	PC	1.2438059e-07
19	3669	PH	0.0
19	3669	Other	0.9999999
19	3670	PC	7.476876e-08
19	3670	PH	0.0
19	3670	Other	0.9999999
19	3671	PC	0.99999976
19	3671	PH	1.16082005e-10
19	3671	Other	2.0636047e-07
19	3672	PC	9.1715584e-08
19	3672	PH	0.0
19	3672	Other	0.9999999
19	3673	PC	0.82014155
19	3673	PH	0.17985839
19	3673	Other	0.0
19	3674	PC	0.0
19	3674	PH	7.530209e-08
19	3674	Other	0.9999999
19	3675	PC	1.4003632e-07
19	3675	PH	0.0
19	3675	Other	0.9999999
19	3676	PC	0.99999976
19	3676	PH	2.3472396e-08
19	3676	Other	1.8300416e-07
19	3677	PC	1.4487696e-07
19	3677	PH	2.2941837e-08
19	3677	Other	0.9999999
19	3678	PC	0.82014155
19	3678	PH	0.17985842
19	3678	Other	0.0
19	3679	PC	9.5180816e-08
19	3679	PH	0.0
19	3679	Other	0.9999999
19	3680	PC	0.99999976
19	3680	PH	1.06421e-10
19	3680	Other	2.0637013e-07
19	3681	PC	1.2171557e-07
19	3681	PH	0.0
19	3681	Other	0.9999999
19	3682	PC	0.82014155
19	3682	PH	0.17985839
19	3682	Other	0.0
19	3683	PC	0.0
19	3683	PH	1.5440628e-07
19	3683	Other	0.9999999
19	3684	PC	2.2941837e-08
19	3684	PH	1.515958e-07
19	3684	Other	0.9999999
19	3685	PC	0.9932143
19	3685	PH	0.0067856596
19	3685	Other	0.0
19	3686	PC	0.0
19	3686	PH	8.305823e-08
19	3686	Other	0.9999999
19	3687	PC	1.223463e-07
19	3687	PH	0.0
19	3687	Other	0.9999999
19	3688	PC	0.99999976
19	3688	PH	6.8512507e-09
19	3688	Other	1.996253e-07
19	3689	PC	0.0
19	3689	PH	1.5179911e-07
19	3689	Other	0.9999999
19	3690	PC	1.2628165e-07
19	3690	PH	0.0
19	3690	Other	0.9999999
19	3691	PC	0.32172328
19	3691	PH	0.6782768
19	3691	Other	0.0
19	3692	PC	0.0
19	3692	PH	8.276009e-08
19	3692	Other	0.9999999
19	3693	PC	8.325462e-08
19	3693	PH	0.0
19	3693	Other	0.9999999
19	3694	PC	0.99999976
19	3694	PH	3.2962688e-10
19	3694	Other	2.0614692e-07
19	3695	PC	7.531732e-08
19	3695	PH	0.0
19	3695	Other	0.9999999
19	3696	PC	2.2941837e-08
19	3696	PH	1.4886375e-07
19	3696	Other	0.9999999
19	3697	PC	1.014593e-07
19	3697	PH	1.014593e-07
19	3697	Other	0.9999999
19	3698	PC	0.0
19	3698	PH	1.2491347e-07
19	3698	Other	0.9999999
19	3699	PC	0.0
19	3699	PH	1.2294736e-07
19	3699	Other	0.9999999
19	3700	PC	1.482744e-07
19	3700	PH	2.2941837e-08
19	3700	Other	0.9999999
19	3701	PC	7.9473e-08
19	3701	PH	0.0
19	3701	Other	0.9999999
19	3702	PC	9.9911226e-08
19	3702	PH	9.9911226e-08
19	3702	Other	0.9999999
19	3703	PC	2.2941837e-08
19	3703	PH	1.5345897e-07
19	3703	Other	0.9999999
19	3704	PC	0.0
19	3704	PH	1.4465729e-07
19	3704	Other	0.9999999
19	3705	PC	6.2923554e-08
19	3705	PH	6.2923554e-08
19	3705	Other	0.9999999
19	3706	PC	8.1485176e-08
19	3706	PH	0.0
19	3706	Other	0.9999999
19	3707	PC	1.04930265e-07
19	3707	PH	1.04930265e-07
19	3707	Other	0.9999999
19	3708	PC	8.174594e-08
19	3708	PH	0.0
19	3708	Other	0.9999999
19	3709	PC	1.2878218e-07
19	3709	PH	0.0
19	3709	Other	0.9999999
19	3710	PC	1.2992346e-07
19	3710	PH	0.0
19	3710	Other	0.9999999
19	3711	PC	1.5227594e-07
19	3711	PH	0.0
19	3711	Other	0.9999999
19	3712	PC	0.0
19	3712	PH	8.118913e-08
19	3712	Other	0.9999999
19	3713	PC	0.0
19	3713	PH	1.5282198e-07
19	3713	Other	0.9999999
19	3714	PC	0.0
19	3714	PH	1.2657121e-07
19	3714	Other	0.9999999
19	3715	PC	0.0
19	3715	PH	7.88259e-08
19	3715	Other	0.9999999
19	3716	PC	1.5420602e-07
19	3716	PH	0.0
19	3716	Other	0.9999999
19	3717	PC	8.015938e-08
19	3717	PH	0.0
19	3717	Other	0.9999999
19	3718	PC	0.0
19	3718	PH	0.0
19	3718	Other	1.0
19	3719	PC	7.874009e-08
19	3719	PH	7.874009e-08
19	3719	Other	0.9999999
19	3720	PC	1.2482383e-07
19	3720	PH	0.0
19	3720	Other	0.9999999
19	3721	PC	0.0
19	3721	PH	6.961797e-08
19	3721	Other	0.9999999
19	3722	PC	7.471799e-08
19	3722	PH	0.0
19	3722	Other	0.9999999
19	3723	PC	0.0
19	3723	PH	1.489877e-07
19	3723	Other	0.9999999
19	3724	PC	1.3833898e-07
19	3724	PH	0.0
19	3724	Other	0.9999999
19	3725	PC	8.408225e-08
19	3725	PH	8.408225e-08
19	3725	Other	0.9999999
19	3726	PC	0.0
19	3726	PH	1.2476131e-07
19	3726	Other	0.9999999
19	3727	PC	7.820159e-08
19	3727	PH	7.820159e-08
19	3727	Other	0.9999999
19	3728	PC	0.0
19	3728	PH	1.5272015e-07
19	3728	Other	0.9999999
19	3729	PC	9.0988316e-08
19	3729	PH	9.0988316e-08
19	3729	Other	0.9999999
19	3730	PC	2.2941837e-08
19	3730	PH	1.5242817e-07
19	3730	Other	0.9999999
19	3731	PC	0.0
19	3731	PH	1.4522466e-07
19	3731	Other	0.9999999
19	3732	PC	8.5462965e-08
19	3732	PH	8.5462965e-08
19	3732	Other	0.9999999
19	3733	PC	1.462371e-07
19	3733	PH	0.0
19	3733	Other	0.9999999
19	3734	PC	8.089201e-08
19	3734	PH	8.089201e-08
19	3734	Other	0.9999999
19	3735	PC	8.5621515e-08
19	3735	PH	0.0
19	3735	Other	0.9999999
19	3736	PC	0.0
19	3736	PH	1.265742e-07
19	3736	Other	0.9999999
19	3737	PC	0.0
19	3737	PH	1.304624e-07
19	3737	Other	0.9999999
19	3738	PC	5.4999465e-08
19	3738	PH	5.4999465e-08
19	3738	Other	0.9999999
19	3739	PC	0.0
19	3739	PH	8.031659e-08
19	3739	Other	0.9999999
19	3740	PC	0.0
19	3740	PH	1.3186774e-07
19	3740	Other	0.9999999
19	3741	PC	9.8991016e-08
19	3741	PH	9.8991016e-08
19	3741	Other	0.9999999
19	3742	PC	1.3858035e-07
19	3742	PH	0.0
19	3742	Other	0.9999999
19	3743	PC	1.5140485e-07
19	3743	PH	0.0
19	3743	Other	0.9999999
19	3744	PC	0.0
19	3744	PH	0.0
19	3744	Other	1.0
19	3745	PC	7.784335e-08
19	3745	PH	7.784335e-08
19	3745	Other	0.9999999
19	3746	PC	7.2144864e-08
19	3746	PH	0.0
19	3746	Other	0.9999999
19	3747	PC	2.2941837e-08
19	3747	PH	1.4618698e-07
19	3747	Other	0.9999999
19	3748	PC	1.255068e-07
19	3748	PH	0.0
19	3748	Other	0.9999999
19	3749	PC	2.2941837e-08
19	3749	PH	1.5485281e-07
19	3749	Other	0.9999999
19	3750	PC	0.0
19	3750	PH	8.275534e-08
19	3750	Other	0.9999999
19	3751	PC	7.6395075e-08
19	3751	PH	7.6395075e-08
19	3751	Other	0.9999999
19	3752	PC	1.2088653e-07
19	3752	PH	0.0
19	3752	Other	0.9999999
19	3753	PC	1.535706e-07
19	3753	PH	1.1470919e-08
19	3753	Other	0.9999999
19	3754	PC	1.5364239e-07
19	3754	PH	2.2941837e-08
19	3754	Other	0.9999999
19	3755	PC	1.3060563e-07
19	3755	PH	0.0
19	3755	Other	0.9999999
19	3756	PC	0.0
19	3756	PH	1.229812e-07
19	3756	Other	0.9999999
19	3757	PC	0.0
19	3757	PH	0.0
19	3757	Other	1.0
19	3758	PC	8.506856e-08
19	3758	PH	0.0
19	3758	Other	0.9999999
19	3759	PC	0.0
19	3759	PH	7.7470546e-08
19	3759	Other	0.9999999
19	3760	PC	7.615291e-08
19	3760	PH	7.615291e-08
19	3760	Other	0.9999999
19	3761	PC	1.01818124e-07
19	3761	PH	1.01818124e-07
19	3761	Other	0.9999999
19	3762	PC	1.298224e-07
19	3762	PH	0.0
19	3762	Other	0.9999999
19	3763	PC	0.0
19	3763	PH	7.888109e-08
19	3763	Other	0.9999999
19	3764	PC	2.2941837e-08
19	3764	PH	1.5084275e-07
19	3764	Other	0.9999999
19	3765	PC	0.0
19	3765	PH	1.3316478e-07
19	3765	Other	0.9999999
19	3766	PC	0.0
19	3766	PH	8.1702794e-08
19	3766	Other	0.9999999
19	3767	PC	8.292127e-08
19	3767	PH	0.0
19	3767	Other	0.9999999
19	3768	PC	0.0
19	3768	PH	7.941439e-08
19	3768	Other	0.9999999
19	3769	PC	5.6374528e-08
19	3769	PH	5.6374528e-08
19	3769	Other	0.9999999
19	3770	PC	1.0631097e-07
19	3770	PH	1.0631097e-07
19	3770	Other	0.9999999
19	3771	PC	2.2941837e-08
19	3771	PH	1.4451464e-07
19	3771	Other	0.9999999
19	3772	PC	1.536837e-07
19	3772	PH	0.0
19	3772	Other	0.9999999
19	3773	PC	1.2377107e-07
19	3773	PH	0.0
19	3773	Other	0.9999999
19	3774	PC	1.204575e-07
19	3774	PH	5.9211896e-16
19	3774	Other	0.9999999
19	3775	PC	1.5138586e-07
19	3775	PH	0.0
19	3775	Other	0.9999999
19	3776	PC	7.943335e-08
19	3776	PH	0.0
19	3776	Other	0.9999999
19	3777	PC	8.2654815e-08
19	3777	PH	8.2654815e-08
19	3777	Other	0.9999999
19	3778	PC	1.4059316e-07
19	3778	PH	0.0
19	3778	Other	0.9999999
19	3779	PC	2.2941837e-08
19	3779	PH	1.4672733e-07
19	3779	Other	0.9999999
19	3780	PC	0.99999976
19	3780	PH	1.1384212e-10
19	3780	Other	2.0636271e-07
19	3781	PC	0.0
19	3781	PH	8.5163755e-08
19	3781	Other	0.9999999
19	3782	PC	6.790576e-08
19	3782	PH	0.0
19	3782	Other	0.9999999
19	3783	PC	1.5444309e-07
19	3783	PH	2.2941837e-08
19	3783	Other	0.9999999
19	3784	PC	0.99999976
19	3784	PH	1.12180674e-10
19	3784	Other	2.0636438e-07
19	3785	PC	0.99999976
19	3785	PH	1.1374503e-10
19	3785	Other	2.0636281e-07
19	3786	PC	8.082679e-08
19	3786	PH	8.082679e-08
19	3786	Other	0.9999999
19	3787	PC	0.0
19	3787	PH	8.093976e-08
19	3787	Other	0.9999999
