14	3539	PC	6.882734e-08
14	3539	PH	6.882734e-08
14	3539	Other	0.9999999
14	3540	PC	6.8825514e-08
14	3540	PH	6.8825514e-08
14	3540	Other	0.99999994
14	3541	PC	4.5883677e-08
14	3541	PH	4.5883677e-08
14	3541	Other	0.9999999
14	3542	PC	0.0
14	3542	PH	0.0
14	3542	Other	0.99999994
14	3543	PC	6.8825514e-08
14	3543	PH	6.8825514e-08
14	3543	Other	0.99999994
14	3544	PC	0.0
14	3544	PH	0.0
14	3544	Other	0.99999994
14	3545	PC	0.0
14	3545	PH	0.0
14	3545	Other	0.99999994
14	3546	PC	0.0
14	3546	PH	0.0
14	3546	Other	1.0
14	3547	PC	0.0016167787
14	3547	PH	0.015352485
14	3547	Other	0.9830307
14	3548	PC	0.0
14	3548	PH	0.016969321
14	3548	Other	0.9830307
14	3549	PC	0.0007365708
14	3549	PH	0.0035079988
14	3549	Other	0.9957553
14	3550	PC	0.0
14	3550	PH	0.0070502646
14	3550	Other	0.9929497
14	3551	PC	0.0
14	3551	PH	0.006416255
14	3551	Other	0.99358374
14	3552	PC	0.0
14	3552	PH	0.00725011
14	3552	Other	0.9927498
14	3553	PC	0.0
14	3553	PH	0.003639545
14	3553	Other	0.9963604
14	3554	PC	0.0
14	3554	PH	0.9316184
14	3554	Other	0.0683816
14	3555	PC	0.0022314298
14	3555	PH	0.002213738
14	3555	Other	0.99555486
14	3556	PC	0.0
14	3556	PH	0.009068728
14	3556	Other	0.9909313
14	3557	PC	0.0
14	3557	PH	0.0046234527
14	3557	Other	0.9953765
14	3558	PC	0.0
14	3558	PH	0.99008983
14	3558	Other	0.009910222
14	3559	PC	0.004673609
14	3559	PH	0.0016195897
14	3559	Other	0.9937068
14	3560	PC	0.0
14	3560	PH	0.006293208
14	3560	Other	0.9937068
14	3561	PC	0.0
14	3561	PH	0.9901206
14	3561	Other	0.009879313
14	3562	PC	2.2941839e-08
14	3562	PH	2.2941839e-08
14	3562	Other	0.99999994
14	3563	PC	0.0
14	3563	PH	0.9506898
14	3563	Other	0.049310297
14	3564	PC	0.002363993
14	3564	PH	0.00310224
14	3564	Other	0.9945338
14	3565	PC	0.0
14	3565	PH	0.0076210913
14	3565	Other	0.99237883
14	3566	PC	0.0
14	3566	PH	0.0076040034
14	3566	Other	0.992396
14	3567	PC	0.0
14	3567	PH	0.0054489844
14	3567	Other	0.99455106
14	3568	PC	0.0
14	3568	PH	0.989203
14	3568	Other	0.010797117
14	3569	PC	0.0024056549
14	3569	PH	0.0024056549
14	3569	Other	0.99518883
14	3570	PC	0.0
14	3570	PH	0.008756522
14	3570	Other	0.99124336
14	3571	PC	0.0
14	3571	PH	0.0039454163
14	3571	Other	0.99605465
14	3572	PC	0.0
14	3572	PH	0.95935
14	3572	Other	0.040650014
14	3573	PC	3.4412754e-08
14	3573	PH	3.4412754e-08
14	3573	Other	0.9999999
14	3574	PC	0.0
14	3574	PH	0.9622892
14	3574	Other	0.03771071
14	3575	PC	0.0028645303
14	3575	PH	0.002659162
14	3575	Other	0.9944762
14	3576	PC	0.0
14	3576	PH	0.005523723
14	3576	Other	0.9944763
14	3577	PC	0.0
14	3577	PH	0.9481244
14	3577	Other	0.051875602
14	3578	PC	1.1470919e-08
14	3578	PH	1.1470919e-08
14	3578	Other	0.99999994
14	3579	PC	0.0
14	3579	PH	0.98909116
14	3579	Other	0.010908921
14	3580	PC	0.0031470465
14	3580	PH	0.0031470465
14	3580	Other	0.993706
14	3581	PC	0.0
14	3581	PH	0.006293703
14	3581	Other	0.9937062
14	3582	PC	0.0
14	3582	PH	0.9901215
14	3582	Other	0.009878577
14	3583	PC	0.0031484778
14	3583	PH	0.0031484778
14	3583	Other	0.9937031
14	3584	PC	0.0
14	3584	PH	0.006296841
14	3584	Other	0.9937032
14	3585	PC	0.0
14	3585	PH	0.989221
14	3585	Other	0.010778999
14	3586	PC	0.0027662155
14	3586	PH	0.0027662155
14	3586	Other	0.9944677
14	3587	PC	0.0
14	3587	PH	0.0055323043
14	3587	Other	0.99446774
14	3588	PC	0.0
14	3588	PH	0.9482911
14	3588	Other	0.051708903
14	3589	PC	0.0
14	3589	PH	0.9535361
14	3589	Other	0.04646387
14	3590	PC	0.0027468775
14	3590	PH	0.0027468775
14	3590	Other	0.99450624
14	3591	PC	0.0
14	3591	PH	0.0054939208
14	3591	Other	0.9945061
14	3592	PC	0.0
14	3592	PH	0.952661
14	3592	Other	0.04733908
14	3593	PC	0.0025991283
14	3593	PH	0.0025991283
14	3593	Other	0.99480176
14	3594	PC	0.0
14	3594	PH	0.0080612805
14	3594	Other	0.9919388
14	3595	PC	0.0
14	3595	PH	0.0067588757
14	3595	Other	0.9932411
14	3596	PC	0.0
14	3596	PH	0.0073412973
14	3596	Other	0.9926587
14	3597	PC	0.0
14	3597	PH	0.007062066
14	3597	Other	0.9929379
14	3598	PC	0.0
14	3598	PH	0.0072350837
14	3598	Other	0.99276483
14	3599	PC	0.0
14	3599	PH	0.0071355444
14	3599	Other	0.99286455
14	3600	PC	0.0
14	3600	PH	0.0074114227
14	3600	Other	0.9925886
14	3601	PC	0.0
14	3601	PH	0.007371144
14	3601	Other	0.992629
14	3602	PC	0.0
14	3602	PH	0.008716404
14	3602	Other	0.9912836
14	3603	PC	0.0
14	3603	PH	0.0052395742
14	3603	Other	0.9947604
14	3604	PC	2.2941835e-08
14	3604	PH	2.2941835e-08
14	3604	Other	0.99999994
14	3605	PC	3.4412764e-08
14	3605	PH	3.4412764e-08
14	3605	Other	0.9999999
14	3606	PC	8.029643e-08
14	3606	PH	8.029643e-08
14	3606	Other	0.9999999
14	3607	PC	5.7354594e-08
14	3607	PH	5.7354594e-08
14	3607	Other	0.99999994
14	3608	PC	4.5883677e-08
14	3608	PH	4.5883677e-08
14	3608	Other	1.0
14	3609	PC	0.0
14	3609	PH	0.0
14	3609	Other	1.0
14	3610	PC	8.029644e-08
14	3610	PH	8.029644e-08
14	3610	Other	0.9999999
14	3611	PC	8.029643e-08
14	3611	PH	8.029643e-08
14	3611	Other	0.9999999
14	3612	PC	1.1470919e-08
14	3612	PH	1.1470919e-08
14	3612	Other	0.99999994
14	3613	PC	1.03238264e-07
14	3613	PH	1.03238264e-07
14	3613	Other	0.9999999
14	3614	PC	5.735463e-08
14	3614	PH	5.735463e-08
14	3614	Other	0.9999999
14	3615	PC	8.029643e-08
14	3615	PH	8.029643e-08
14	3615	Other	0.99999994
14	3616	PC	0.0
14	3616	PH	0.0
14	3616	Other	0.99999994
14	3617	PC	2.294184e-08
14	3617	PH	2.294184e-08
14	3617	Other	0.99999994
14	3618	PC	4.5883677e-08
14	3618	PH	4.5883677e-08
14	3618	Other	1.0
14	3619	PC	1.03238264e-07
14	3619	PH	1.03238264e-07
14	3619	Other	0.9999999
14	3620	PC	1.03238264e-07
14	3620	PH	1.03238264e-07
14	3620	Other	0.9999999
14	3621	PC	0.0
14	3621	PH	0.0
14	3621	Other	0.99999994
14	3622	PC	1.0323827e-07
14	3622	PH	1.0323827e-07
14	3622	Other	0.9999999
14	3623	PC	0.0
14	3623	PH	0.0
14	3623	Other	0.99999994
14	3624	PC	8.029644e-08
14	3624	PH	8.029644e-08
14	3624	Other	0.9999999
14	3625	PC	1.0323827e-07
14	3625	PH	1.0323827e-07
14	3625	Other	0.9999999
14	3626	PC	5.73546e-08
14	3626	PH	5.73546e-08
14	3626	Other	0.9999999
14	3627	PC	5.7354594e-08
14	3627	PH	5.7354594e-08
14	3627	Other	0.9999999
14	3628	PC	3.4412764e-08
14	3628	PH	3.4412764e-08
14	3628	Other	0.9999999
14	3629	PC	5.7354594e-08
14	3629	PH	5.7354594e-08
14	3629	Other	0.9999999
14	3630	PC	5.7354594e-08
14	3630	PH	5.7354594e-08
14	3630	Other	0.9999999
14	3631	PC	0.0
14	3631	PH	0.0
14	3631	Other	0.99999994
14	3632	PC	0.0
14	3632	PH	0.0
14	3632	Other	1.0
14	3633	PC	0.0
14	3633	PH	0.0
14	3633	Other	0.99999994
14	3634	PC	3.4412764e-08
14	3634	PH	3.4412764e-08
14	3634	Other	0.9999999
14	3635	PC	1.03238264e-07
14	3635	PH	1.03238264e-07
14	3635	Other	0.9999999
14	3636	PC	5.7354594e-08
14	3636	PH	5.7354594e-08
14	3636	Other	0.9999999
14	3637	PC	1.1470919e-08
14	3637	PH	1.1470919e-08
14	3637	Other	0.99999994
14	3638	PC	1.0323827e-07
14	3638	PH	1.0323827e-07
14	3638	Other	0.9999999
14	3639	PC	2.2941839e-08
14	3639	PH	2.2941839e-08
14	3639	Other	0.99999994
14	3640	PC	2.2941839e-08
14	3640	PH	2.2941839e-08
14	3640	Other	0.99999994
14	3641	PC	2.2941846e-08
14	3641	PH	2.2941846e-08
14	3641	Other	0.9999999
14	3642	PC	2.294186e-08
14	3642	PH	2.294186e-08
14	3642	Other	0.9999999
14	3643	PC	1.03238264e-07
14	3643	PH	1.03238264e-07
14	3643	Other	0.9999999
14	3644	PC	1.1470919e-08
14	3644	PH	1.1470919e-08
14	3644	Other	0.99999994
14	3645	PC	4.5883674e-08
14	3645	PH	4.5883674e-08
14	3645	Other	1.0
14	3646	PC	6.8825514e-08
14	3646	PH	6.8825514e-08
14	3646	Other	0.99999994
14	3647	PC	3.4412754e-08
14	3647	PH	3.4412754e-08
14	3647	Other	0.9999999
14	3648	PC	2.294184e-08
14	3648	PH	2.294184e-08
14	3648	Other	0.99999994
14	3649	PC	1.03238264e-07
14	3649	PH	1.03238264e-07
14	3649	Other	0.9999999
14	3650	PC	5.7354594e-08
14	3650	PH	5.7354594e-08
14	3650	Other	0.9999999
14	3651	PC	2.2941839e-08
14	3651	PH	2.2941839e-08
14	3651	Other	0.99999994
14	3652	PC	8.029643e-08
14	3652	PH	8.029643e-08
14	3652	Other	0.99999994
14	3653	PC	3.4412757e-08
14	3653	PH	3.4412757e-08
14	3653	Other	1.0
14	3654	PC	0.0
14	3654	PH	0.0
14	3654	Other	0.99999994
14	3655	PC	3.4412754e-08
14	3655	PH	3.4412754e-08
14	3655	Other	0.9999999
14	3656	PC	8.029643e-08
14	3656	PH	8.029643e-08
14	3656	Other	0.9999999
14	3657	PC	4.5883677e-08
14	3657	PH	4.5883677e-08
14	3657	Other	1.0
14	3658	PC	3.441278e-08
14	3658	PH	3.441278e-08
14	3658	Other	0.9999999
14	3659	PC	3.441278e-08
14	3659	PH	3.441278e-08
14	3659	Other	0.9999999
14	3660	PC	8.029643e-08
14	3660	PH	8.029643e-08
14	3660	Other	0.9999999
14	3661	PC	5.7354594e-08
14	3661	PH	5.7354594e-08
14	3661	Other	0.99999994
14	3662	PC	1.147092e-08
14	3662	PH	1.147092e-08
14	3662	Other	0.99999994
14	3663	PC	5.7354622e-08
14	3663	PH	5.7354622e-08
14	3663	Other	0.9999999
14	3664	PC	2.2941839e-08
14	3664	PH	2.2941839e-08
14	3664	Other	0.99999994
14	3665	PC	2.2941837e-08
14	3665	PH	2.2941837e-08
14	3665	Other	1.0
15	3666	PC	5.1619136e-08
15	3666	PH	5.1619136e-08
15	3666	Other	1.0
15	3667	PC	8.029644e-08
15	3667	PH	8.029644e-08
15	3667	Other	0.9999999
15	3668	PC	0.0
15	3668	PH	0.0
15	3668	Other	0.99999994
15	3669	PC	8.029644e-08
15	3669	PH	8.029644e-08
15	3669	Other	0.9999999
15	3670	PC	3.4412754e-08
15	3670	PH	3.4412754e-08
15	3670	Other	0.9999999
15	3671	PC	8.029643e-08
15	3671	PH	8.029643e-08
15	3671	Other	0.99999994
15	3672	PC	1.147092e-08
15	3672	PH	1.147092e-08
15	3672	Other	0.99999994
15	3673	PC	4.5883674e-08
15	3673	PH	4.5883674e-08
15	3673	Other	0.99999994
15	3674	PC	4.5883677e-08
15	3674	PH	4.5883677e-08
15	3674	Other	1.0
15	3675	PC	8.029644e-08
15	3675	PH	8.029644e-08
15	3675	Other	0.9999999
15	3676	PC	9.176735e-08
15	3676	PH	9.176735e-08
15	3676	Other	0.9999999
15	3677	PC	2.2941846e-08
15	3677	PH	2.2941846e-08
15	3677	Other	0.9999999
15	3678	PC	4.5883677e-08
15	3678	PH	4.5883677e-08
15	3678	Other	0.99999994
15	3679	PC	2.2941835e-08
15	3679	PH	2.2941835e-08
15	3679	Other	0.9999999
15	3680	PC	0.65335715
15	3680	PH	0.3466431
15	3680	Other	0.0
15	3681	PC	5.73546e-08
15	3681	PH	5.73546e-08
15	3681	Other	0.9999999
15	3682	PC	0.62860936
15	3682	PH	0.3713906
15	3682	Other	0.0
15	3683	PC	0.0
15	3683	PH	0.0
15	3683	Other	0.99999994
15	3684	PC	4.5883677e-08
15	3684	PH	4.5883677e-08
15	3684	Other	0.99999994
15	3685	PC	0.65335715
15	3685	PH	0.3466431
15	3685	Other	0.0
15	3686	PC	4.5883677e-08
15	3686	PH	4.5883677e-08
15	3686	Other	1.0
15	3687	PC	6.8825514e-08
15	3687	PH	6.8825514e-08
15	3687	Other	0.9999999
15	3688	PC	0.6286094
15	3688	PH	0.3713907
15	3688	Other	0.0
15	3689	PC	3.4412757e-08
15	3689	PH	3.4412757e-08
15	3689	Other	1.0
15	3690	PC	3.4412754e-08
15	3690	PH	3.4412754e-08
15	3690	Other	0.9999999
15	3691	PC	1.0323827e-07
15	3691	PH	1.0323827e-07
15	3691	Other	0.9999999
15	3692	PC	6.8825514e-08
15	3692	PH	6.8825514e-08
15	3692	Other	0.99999994
15	3693	PC	4.5883677e-08
15	3693	PH	4.5883677e-08
15	3693	Other	1.0
15	3694	PC	1.147092e-08
15	3694	PH	1.147092e-08
15	3694	Other	0.99999994
15	3695	PC	0.0
15	3695	PH	0.0
15	3695	Other	1.0
15	3696	PC	2.2941837e-08
15	3696	PH	2.2941837e-08
15	3696	Other	1.0
15	3697	PC	1.0323827e-07
15	3697	PH	1.0323827e-07
15	3697	Other	0.9999999
15	3698	PC	6.8825514e-08
15	3698	PH	6.8825514e-08
15	3698	Other	0.99999994
15	3699	PC	5.73546e-08
15	3699	PH	5.73546e-08
15	3699	Other	0.9999999
15	3700	PC	2.2941837e-08
15	3700	PH	2.2941837e-08
15	3700	Other	1.0
15	3701	PC	6.8825514e-08
15	3701	PH	6.8825514e-08
15	3701	Other	0.99999994
15	3702	PC	3.4412754e-08
15	3702	PH	3.4412754e-08
15	3702	Other	0.9999999
15	3703	PC	4.58837e-08
15	3703	PH	4.58837e-08
15	3703	Other	0.9999999
15	3704	PC	4.5883677e-08
15	3704	PH	4.5883677e-08
15	3704	Other	0.9999999
15	3705	PC	2.2941837e-08
15	3705	PH	2.2941837e-08
15	3705	Other	1.0
15	3706	PC	6.882552e-08
15	3706	PH	6.882552e-08
15	3706	Other	0.9999999
15	3707	PC	1.1470919e-08
15	3707	PH	1.1470919e-08
15	3707	Other	0.99999994
15	3708	PC	5.7354594e-08
15	3708	PH	5.7354594e-08
15	3708	Other	0.9999999
15	3709	PC	2.2941837e-08
15	3709	PH	2.2941837e-08
15	3709	Other	1.0
15	3710	PC	8.029645e-08
15	3710	PH	8.029645e-08
15	3710	Other	0.9999999
15	3711	PC	8.029643e-08
15	3711	PH	8.029643e-08
15	3711	Other	0.9999999
15	3712	PC	4.5883677e-08
15	3712	PH	4.5883677e-08
15	3712	Other	0.9999999
15	3713	PC	8.029644e-08
15	3713	PH	8.029644e-08
15	3713	Other	0.9999999
15	3714	PC	4.5883677e-08
15	3714	PH	4.5883677e-08
15	3714	Other	1.0
15	3715	PC	5.7354594e-08
15	3715	PH	5.7354594e-08
15	3715	Other	0.99999994
15	3716	PC	2.294184e-08
15	3716	PH	2.294184e-08
15	3716	Other	0.99999994
15	3717	PC	3.4412754e-08
15	3717	PH	3.4412754e-08
15	3717	Other	0.9999999
15	3718	PC	0.0
15	3718	PH	0.0
15	3718	Other	0.99999994
15	3719	PC	8.029644e-08
15	3719	PH	8.029644e-08
15	3719	Other	0.9999999
15	3720	PC	2.294184e-08
15	3720	PH	2.294184e-08
15	3720	Other	0.99999994
15	3721	PC	4.5883677e-08
15	3721	PH	4.5883677e-08
15	3721	Other	0.9999999
15	3722	PC	0.0
15	3722	PH	0.0
15	3722	Other	0.99999994
15	3723	PC	5.73546e-08
15	3723	PH	5.73546e-08
15	3723	Other	0.9999999
15	3724	PC	8.029643e-08
15	3724	PH	8.029643e-08
15	3724	Other	0.9999999
15	3725	PC	3.4412757e-08
15	3725	PH	3.4412757e-08
15	3725	Other	1.0
15	3726	PC	2.2941835e-08
15	3726	PH	2.2941835e-08
15	3726	Other	0.99999994
15	3727	PC	4.5883677e-08
15	3727	PH	4.5883677e-08
15	3727	Other	0.99999994
15	3728	PC	9.176735e-08
15	3728	PH	9.176735e-08
15	3728	Other	0.9999999
15	3729	PC	1.1842379e-15
15	3729	PH	1.1842379e-15
15	3729	Other	0.99999994
15	3730	PC	0.0
15	3730	PH	0.0
15	3730	Other	0.99999994
15	3731	PC	9.176735e-08
15	3731	PH	9.176735e-08
15	3731	Other	0.9999999
15	3732	PC	2.2941837e-08
15	3732	PH	2.2941837e-08
15	3732	Other	1.0
15	3733	PC	7.125719e-08
15	3733	PH	4.5885052e-08
15	3733	Other	0.9999999
15	3734	PC	1.03238264e-07
15	3734	PH	1.03238264e-07
15	3734	Other	0.9999999
15	3735	PC	4.5883677e-08
15	3735	PH	4.5883677e-08
15	3735	Other	0.99999994
15	3736	PC	3.4412775e-08
15	3736	PH	3.4412775e-08
15	3736	Other	0.99999994
15	3737	PC	0.0
15	3737	PH	0.0
15	3737	Other	0.99999994
15	3738	PC	4.5883677e-08
15	3738	PH	4.5883677e-08
15	3738	Other	0.99999994
15	3739	PC	1.0323827e-07
15	3739	PH	1.0323827e-07
15	3739	Other	0.9999999
15	3740	PC	1.0323827e-07
15	3740	PH	1.0323827e-07
15	3740	Other	0.9999999
15	3741	PC	5.73546e-08
15	3741	PH	5.73546e-08
15	3741	Other	0.9999999
15	3742	PC	6.8825514e-08
15	3742	PH	6.8825514e-08
15	3742	Other	0.99999994
15	3743	PC	2.2941835e-08
15	3743	PH	2.2941835e-08
15	3743	Other	0.9999999
15	3744	PC	1.1470919e-08
15	3744	PH	1.1470919e-08
15	3744	Other	0.99999994
15	3745	PC	3.4412768e-08
15	3745	PH	3.4412768e-08
15	3745	Other	0.99999994
15	3746	PC	4.5883677e-08
15	3746	PH	4.5883677e-08
15	3746	Other	0.99999994
15	3747	PC	1.0323827e-07
15	3747	PH	1.0323827e-07
15	3747	Other	0.9999999
15	3748	PC	0.0
15	3748	PH	1.0
15	3748	Other	7e-45
15	3749	PC	8.029644e-08
15	3749	PH	8.029644e-08
15	3749	Other	0.9999999
15	3750	PC	4.2010352e-15
15	3750	PH	1.0
15	3750	Other	7e-45
15	3751	PC	8.029644e-08
15	3751	PH	8.029644e-08
15	3751	Other	0.99999994
15	3752	PC	3.441276e-08
15	3752	PH	3.441276e-08
15	3752	Other	0.99999994
15	3753	PC	9.176735e-08
15	3753	PH	9.176735e-08
15	3753	Other	0.9999999
15	3754	PC	3.4412764e-08
15	3754	PH	3.4412764e-08
15	3754	Other	0.9999999
15	3755	PC	4.5883684e-08
15	3755	PH	4.5883684e-08
15	3755	Other	0.9999999
15	3756	PC	0.0
15	3756	PH	0.0
15	3756	Other	0.99999994
15	3757	PC	3.441278e-08
15	3757	PH	3.441278e-08
15	3757	Other	0.9999999
15	3758	PC	0.0
15	3758	PH	0.0
15	3758	Other	1.0
15	3759	PC	5.7354594e-08
15	3759	PH	5.7354594e-08
15	3759	Other	0.9999999
15	3760	PC	6.8825514e-08
15	3760	PH	6.8825514e-08
15	3760	Other	0.9999999
15	3761	PC	0.0
15	3761	PH	0.0
15	3761	Other	0.99999994
15	3762	PC	1.03238264e-07
15	3762	PH	1.03238264e-07
15	3762	Other	0.9999999
15	3763	PC	8.029643e-08
15	3763	PH	8.029643e-08
15	3763	Other	0.99999994
15	3764	PC	2.2941837e-08
15	3764	PH	2.2941837e-08
15	3764	Other	1.0
15	3765	PC	6.882552e-08
15	3765	PH	6.882552e-08
15	3765	Other	0.9999999
15	3766	PC	5.735463e-08
15	3766	PH	5.735463e-08
15	3766	Other	0.9999999
15	3767	PC	1.0323827e-07
15	3767	PH	1.0323827e-07
15	3767	Other	0.9999999
15	3768	PC	1.147092e-08
15	3768	PH	1.147092e-08
15	3768	Other	0.99999994
15	3769	PC	0.0
15	3769	PH	0.0
15	3769	Other	1.0
15	3770	PC	2.294186e-08
15	3770	PH	2.294186e-08
15	3770	Other	0.9999999
15	3771	PC	6.8825514e-08
15	3771	PH	6.8825514e-08
15	3771	Other	0.99999994
15	3772	PC	0.0
15	3772	PH	0.0
15	3772	Other	0.99999994
15	3773	PC	8.029644e-08
15	3773	PH	8.029644e-08
15	3773	Other	0.9999999
15	3774	PC	2.294184e-08
15	3774	PH	2.294184e-08
15	3774	Other	0.99999994
15	3775	PC	4.5883677e-08
15	3775	PH	4.5883677e-08
15	3775	Other	0.9999999
15	3776	PC	2.2941835e-08
15	3776	PH	2.2941835e-08
15	3776	Other	0.99999994
15	3777	PC	1.1470919e-08
15	3777	PH	1.1470919e-08
15	3777	Other	0.99999994
15	3778	PC	4.5883684e-08
15	3778	PH	4.5883684e-08
15	3778	Other	0.9999999
15	3779	PC	5.73546e-08
15	3779	PH	5.73546e-08
15	3779	Other	0.9999999
15	3780	PC	4.5883727e-08
15	3780	PH	4.5883727e-08
15	3780	Other	0.9999999
15	3781	PC	5.73546e-08
15	3781	PH	5.73546e-08
15	3781	Other	0.9999999
15	3782	PC	1.03238264e-07
15	3782	PH	1.03238264e-07
15	3782	Other	0.9999999
15	3783	PC	5.7354594e-08
15	3783	PH	5.7354594e-08
15	3783	Other	0.9999999
15	3784	PC	6.8825514e-08
15	3784	PH	6.8825514e-08
15	3784	Other	0.99999994
15	3785	PC	8.029644e-08
15	3785	PH	8.029644e-08
15	3785	Other	0.9999999
15	3786	PC	3.4412764e-08
15	3786	PH	3.4412764e-08
15	3786	Other	0.9999999
15	3787	PC	8.029643e-08
15	3787	PH	8.029643e-08
15	3787	Other	0.9999999
15	3788	PC	5.7354594e-08
15	3788	PH	5.7354594e-08
15	3788	Other	0.9999999
15	3789	PC	4.5883677e-08
15	3789	PH	4.5883677e-08
15	3789	Other	0.99999994
15	3790	PC	2.2941835e-08
15	3790	PH	2.2941835e-08
15	3790	Other	0.9999999
15	3791	PC	2.2941846e-08
15	3791	PH	2.2941846e-08
15	3791	Other	0.9999999
15	3792	PC	0.0
15	3792	PH	0.0
15	3792	Other	1.0
15	3793	PC	3.4412757e-08
15	3793	PH	3.4412757e-08
15	3793	Other	1.0
15	3794	PC	3.4412775e-08
15	3794	PH	3.4412775e-08
15	3794	Other	0.99999994
15	3795	PC	1.1842379e-15
15	3795	PH	1.1842379e-15
15	3795	Other	0.99999994
15	3796	PC	3.4412757e-08
15	3796	PH	3.4412757e-08
15	3796	Other	1.0
15	3797	PC	4.5883677e-08
15	3797	PH	4.5883677e-08
15	3797	Other	0.9999999
15	3798	PC	3.4412757e-08
15	3798	PH	3.4412757e-08
15	3798	Other	1.0
15	3799	PC	1.1842379e-15
15	3799	PH	1.1842379e-15
15	3799	Other	0.99999994
15	3800	PC	5.7354594e-08
15	3800	PH	5.7354594e-08
15	3800	Other	0.9999999
15	3801	PC	1.03238264e-07
15	3801	PH	1.03238264e-07
15	3801	Other	0.9999999
15	3802	PC	1.03238264e-07
15	3802	PH	1.03238264e-07
15	3802	Other	0.9999999
15	3803	PC	2.2941835e-08
15	3803	PH	2.2941835e-08
15	3803	Other	0.9999999
15	3804	PC	0.0
15	3804	PH	0.0
15	3804	Other	1.0
15	3805	PC	1.1470919e-08
15	3805	PH	1.1470919e-08
15	3805	Other	0.99999994
15	3806	PC	5.7354594e-08
15	3806	PH	5.7354594e-08
15	3806	Other	0.9999999
15	3807	PC	8.029643e-08
15	3807	PH	8.029643e-08
15	3807	Other	0.99999994
15	3808	PC	0.0
15	3808	PH	0.0
15	3808	Other	1.0
15	3809	PC	4.5883677e-08
15	3809	PH	4.5883677e-08
15	3809	Other	0.9999999
15	3810	PC	2.2941839e-08
15	3810	PH	2.2941839e-08
15	3810	Other	0.99999994
15	3811	PC	3.4412754e-08
15	3811	PH	3.4412754e-08
15	3811	Other	0.9999999
15	3812	PC	4.5883677e-08
15	3812	PH	4.5883677e-08
15	3812	Other	0.99999994
15	3813	PC	5.7354594e-08
15	3813	PH	5.7354594e-08
15	3813	Other	0.9999999
15	3814	PC	1.03238264e-07
15	3814	PH	1.03238264e-07
15	3814	Other	0.9999999
15	3815	PC	0.0
15	3815	PH	0.0
15	3815	Other	0.99999994
15	3816	PC	2.2941846e-08
15	3816	PH	2.2941846e-08
15	3816	Other	0.9999999
15	3817	PC	8.029643e-08
15	3817	PH	8.029643e-08
15	3817	Other	0.99999994
15	3818	PC	1.1470919e-08
15	3818	PH	1.1470919e-08
15	3818	Other	0.99999994
15	3819	PC	2.294184e-08
15	3819	PH	2.294184e-08
15	3819	Other	0.99999994
15	3820	PC	5.7354594e-08
15	3820	PH	5.7354594e-08
15	3820	Other	0.9999999
15	3821	PC	5.73546e-08
15	3821	PH	5.73546e-08
15	3821	Other	0.9999999
15	3822	PC	1.1470921e-08
15	3822	PH	1.1470921e-08
15	3822	Other	1.0
15	3823	PC	3.441276e-08
15	3823	PH	3.441276e-08
15	3823	Other	0.99999994
15	3824	PC	3.4412757e-08
15	3824	PH	3.4412757e-08
15	3824	Other	0.99999994
15	3825	PC	2.2941835e-08
15	3825	PH	2.2941835e-08
15	3825	Other	0.99999994
15	3826	PC	1.0323827e-07
15	3826	PH	1.0323827e-07
15	3826	Other	0.9999999
15	3827	PC	0.0
15	3827	PH	0.0
15	3827	Other	1.0
15	3828	PC	0.009521666
15	3828	PH	0.010749373
15	3828	Other	0.97972894
15	3829	PC	0.0
15	3829	PH	0.020271232
15	3829	Other	0.9797288
15	3830	PC	0.0027182584
15	3830	PH	0.0027373093
15	3830	Other	0.9945445
15	3831	PC	0.0
15	3831	PH	0.0054556667
15	3831	Other	0.9945444
15	3832	PC	0.0
15	3832	PH	0.99102193
15	3832	Other	0.008978027
15	3833	PC	3.4412754e-08
15	3833	PH	3.4412754e-08
15	3833	Other	0.9999999
15	3834	PC	4.5883677e-08
15	3834	PH	4.5883677e-08
15	3834	Other	0.99999994
15	3835	PC	3.441276e-08
15	3835	PH	3.441276e-08
15	3835	Other	0.99999994
15	3836	PC	0.0
15	3836	PH	0.0
15	3836	Other	0.99999994
15	3837	PC	5.7354594e-08
15	3837	PH	5.7354594e-08
15	3837	Other	0.9999999
15	3838	PC	5.73546e-08
15	3838	PH	5.73546e-08
15	3838	Other	0.9999999
15	3839	PC	1.1470921e-08
15	3839	PH	1.1470921e-08
15	3839	Other	1.0
15	3840	PC	8.029643e-08
15	3840	PH	8.029643e-08
15	3840	Other	0.9999999
15	3841	PC	1.0323827e-07
15	3841	PH	1.0323827e-07
15	3841	Other	0.9999999
15	3842	PC	4.5883677e-08
15	3842	PH	4.5883677e-08
15	3842	Other	0.9999999
15	3843	PC	8.029644e-08
15	3843	PH	8.029644e-08
15	3843	Other	0.9999999
15	3844	PC	1.0323827e-07
15	3844	PH	1.0323827e-07
15	3844	Other	0.9999999
15	3845	PC	8.029643e-08
15	3845	PH	8.029643e-08
15	3845	Other	0.99999994
15	3846	PC	8.029644e-08
15	3846	PH	8.029644e-08
15	3846	Other	0.9999999
15	3847	PC	1.1842379e-15
15	3847	PH	1.1842379e-15
15	3847	Other	0.99999994
15	3848	PC	8.029644e-08
15	3848	PH	8.029644e-08
15	3848	Other	0.9999999
15	3849	PC	3.4412754e-08
15	3849	PH	3.4412754e-08
15	3849	Other	0.9999999
15	3850	PC	2.294184e-08
15	3850	PH	2.294184e-08
15	3850	Other	0.99999994
15	3851	PC	2.2941839e-08
15	3851	PH	2.2941839e-08
15	3851	Other	0.99999994
15	3852	PC	6.8825514e-08
15	3852	PH	6.8825514e-08
15	3852	Other	0.99999994
15	3853	PC	0.0
15	3853	PH	0.0
15	3853	Other	0.99999994
15	3854	PC	4.5883677e-08
15	3854	PH	4.5883677e-08
15	3854	Other	0.99999994
15	3855	PC	5.73546e-08
15	3855	PH	5.73546e-08
15	3855	Other	0.9999999
15	3856	PC	1.0323827e-07
15	3856	PH	1.0323827e-07
15	3856	Other	0.9999999
15	3857	PC	0.0
15	3857	PH	0.0
15	3857	Other	0.99999994
15	3858	PC	2.2941835e-08
15	3858	PH	2.2941835e-08
15	3858	Other	0.9999999
15	3859	PC	1.0323827e-07
15	3859	PH	1.0323827e-07
15	3859	Other	0.9999999
15	3860	PC	0.0
15	3860	PH	0.0
15	3860	Other	1.0
15	3861	PC	2.294184e-08
15	3861	PH	2.294184e-08
15	3861	Other	0.99999994
15	3862	PC	9.176735e-08
15	3862	PH	9.176735e-08
15	3862	Other	0.9999999
15	3863	PC	1.0323827e-07
15	3863	PH	1.0323827e-07
15	3863	Other	0.9999999
15	3864	PC	1.0323827e-07
15	3864	PH	1.0323827e-07
15	3864	Other	0.9999999
15	3865	PC	3.4412764e-08
15	3865	PH	3.4412764e-08
15	3865	Other	0.9999999
15	3866	PC	3.4412764e-08
15	3866	PH	3.4412764e-08
15	3866	Other	0.9999999
15	3867	PC	5.7354594e-08
15	3867	PH	5.7354594e-08
15	3867	Other	0.9999999
15	3868	PC	0.0
15	3868	PH	0.0
15	3868	Other	1.0
15	3869	PC	0.0
15	3869	PH	0.0
15	3869	Other	0.99999994
15	3870	PC	3.4412754e-08
15	3870	PH	3.4412754e-08
15	3870	Other	0.9999999
15	3871	PC	5.73546e-08
15	3871	PH	5.73546e-08
15	3871	Other	0.9999999
15	3872	PC	0.0
15	3872	PH	0.0
15	3872	Other	0.99999994
15	3873	PC	3.4412757e-08
15	3873	PH	3.4412757e-08
15	3873	Other	1.0
15	3874	PC	0.0
15	3874	PH	0.0
15	3874	Other	1.0
15	3875	PC	2.294184e-08
15	3875	PH	2.294184e-08
15	3875	Other	0.99999994
15	3876	PC	2.294184e-08
15	3876	PH	2.294184e-08
15	3876	Other	0.99999994
15	3877	PC	8.029643e-08
15	3877	PH	8.029643e-08
15	3877	Other	0.9999999
15	3878	PC	3.441276e-08
15	3878	PH	3.441276e-08
15	3878	Other	0.99999994
15	3879	PC	4.5883677e-08
15	3879	PH	4.5883677e-08
15	3879	Other	1.0
15	3880	PC	8.029643e-08
15	3880	PH	8.029643e-08
15	3880	Other	0.9999999
15	3881	PC	2.2941837e-08
15	3881	PH	2.2941837e-08
15	3881	Other	1.0
15	3882	PC	1.1470919e-08
15	3882	PH	1.1470919e-08
15	3882	Other	1.0
15	3883	PC	2.294184e-08
15	3883	PH	2.294184e-08
15	3883	Other	0.99999994
15	3884	PC	4.5883677e-08
15	3884	PH	4.5883677e-08
15	3884	Other	0.99999994
15	3885	PC	5.7354594e-08
15	3885	PH	5.7354594e-08
15	3885	Other	0.9999999
15	3886	PC	6.8825514e-08
15	3886	PH	6.8825514e-08
15	3886	Other	0.9999999
15	3887	PC	3.4412754e-08
15	3887	PH	3.4412754e-08
15	3887	Other	0.9999999
15	3888	PC	2.294184e-08
15	3888	PH	2.294184e-08
15	3888	Other	0.99999994
15	3889	PC	0.0
15	3889	PH	0.0
15	3889	Other	0.99999994
15	3890	PC	4.5883677e-08
15	3890	PH	4.5883677e-08
15	3890	Other	0.99999994
15	3891	PC	1.03238264e-07
15	3891	PH	1.03238264e-07
15	3891	Other	0.9999999
15	3892	PC	3.4412764e-08
15	3892	PH	3.4412764e-08
15	3892	Other	0.9999999
15	3893	PC	3.441276e-08
15	3893	PH	3.441276e-08
15	3893	Other	0.99999994
15	3894	PC	2.294184e-08
15	3894	PH	2.294184e-08
15	3894	Other	0.99999994
15	3895	PC	8.029644e-08
15	3895	PH	8.029644e-08
15	3895	Other	0.9999999
15	3896	PC	3.4412757e-08
15	3896	PH	3.4412757e-08
15	3896	Other	1.0
15	3897	PC	4.5883677e-08
15	3897	PH	4.5883677e-08
15	3897	Other	0.99999994
15	3898	PC	0.0
15	3898	PH	0.0
15	3898	Other	0.99999994
15	3899	PC	8.029643e-08
15	3899	PH	8.029643e-08
15	3899	Other	0.99999994
15	3900	PC	2.294184e-08
15	3900	PH	2.294184e-08
15	3900	Other	0.99999994
15	3901	PC	5.73546e-08
15	3901	PH	5.73546e-08
15	3901	Other	0.9999999
15	3902	PC	5.73546e-08
15	3902	PH	5.73546e-08
15	3902	Other	0.9999999
15	3903	PC	3.441278e-08
15	3903	PH	3.441278e-08
15	3903	Other	0.9999999
15	3904	PC	1.147092e-08
15	3904	PH	1.147092e-08
15	3904	Other	0.99999994
15	3905	PC	3.4412754e-08
15	3905	PH	3.4412754e-08
15	3905	Other	0.9999999
15	3906	PC	4.5883677e-08
15	3906	PH	4.5883677e-08
15	3906	Other	0.9999999
15	3907	PC	0.0
15	3907	PH	0.0
15	3907	Other	1.0
15	3908	PC	5.73546e-08
15	3908	PH	5.73546e-08
15	3908	Other	0.9999999
15	3909	PC	4.5883674e-08
15	3909	PH	4.5883674e-08
15	3909	Other	0.99999994
15	3910	PC	4.5883677e-08
15	3910	PH	4.5883677e-08
15	3910	Other	0.9999999
15	3911	PC	5.73546e-08
15	3911	PH	5.73546e-08
15	3911	Other	0.9999999
15	3912	PC	3.4412754e-08
15	3912	PH	3.4412754e-08
15	3912	Other	0.9999999
15	3913	PC	9.176735e-08
15	3913	PH	9.176735e-08
15	3913	Other	0.9999999
15	3914	PC	2.2941837e-08
15	3914	PH	2.2941837e-08
15	3914	Other	1.0
15	3915	PC	6.8825514e-08
15	3915	PH	6.8825514e-08
15	3915	Other	0.99999994
15	3916	PC	5.7354594e-08
15	3916	PH	5.7354594e-08
15	3916	Other	0.9999999
15	3917	PC	4.5883677e-08
15	3917	PH	4.5883677e-08
15	3917	Other	1.0
15	3918	PC	8.029643e-08
15	3918	PH	8.029643e-08
15	3918	Other	0.9999999
15	3919	PC	0.0
15	3919	PH	0.0
15	3919	Other	0.99999994
15	3920	PC	0.0
15	3920	PH	0.0
15	3920	Other	0.99999994
15	3921	PC	1.0323827e-07
15	3921	PH	1.0323827e-07
15	3921	Other	0.9999999
15	3922	PC	0.0
15	3922	PH	1.0
15	3922	Other	0.0
15	3923	PC	3.4412757e-08
15	3923	PH	3.4412757e-08
15	3923	Other	0.99999994
15	3924	PC	3.4412754e-08
15	3924	PH	3.4412754e-08
15	3924	Other	1.0
15	3925	PC	4.5883677e-08
15	3925	PH	4.5883677e-08
15	3925	Other	0.99999994
15	3926	PC	2.2941835e-08
15	3926	PH	2.2941835e-08
15	3926	Other	0.9999999
15	3927	PC	2.2941846e-08
15	3927	PH	2.2941846e-08
15	3927	Other	0.9999999
15	3928	PC	1.1842379e-15
15	3928	PH	1.1842379e-15
15	3928	Other	1.0
15	3929	PC	1.0323827e-07
15	3929	PH	1.0323827e-07
15	3929	Other	0.9999999
15	3930	PC	0.0
15	3930	PH	1.0
15	3930	Other	7e-45
15	3931	PC	0.0
15	3931	PH	0.0
15	3931	Other	0.99999994
15	3932	PC	2.2941839e-08
15	3932	PH	2.2941839e-08
15	3932	Other	0.99999994
15	3933	PC	4.5883674e-08
15	3933	PH	4.5883674e-08
15	3933	Other	1.0
15	3934	PC	1.5454677e-16
15	3934	PH	1.0
15	3934	Other	7e-45
15	3935	PC	4.5883677e-08
15	3935	PH	4.5883677e-08
15	3935	Other	0.9999999
15	3936	PC	1.0323827e-07
15	3936	PH	1.0323827e-07
15	3936	Other	0.9999999
15	3937	PC	8.029643e-08
15	3937	PH	8.029643e-08
15	3937	Other	0.9999999
15	3938	PC	8.029644e-08
15	3938	PH	8.029644e-08
15	3938	Other	0.9999999
15	3939	PC	2.2941839e-08
15	3939	PH	2.2941839e-08
15	3939	Other	0.99999994
15	3940	PC	3.4412764e-08
15	3940	PH	3.4412764e-08
15	3940	Other	0.9999999
15	3941	PC	1.0323827e-07
15	3941	PH	1.0323827e-07
15	3941	Other	0.9999999
15	3942	PC	0.0
15	3942	PH	0.0
15	3942	Other	1.0
15	3943	PC	7.503058e-08
15	3943	PH	0.9999999
15	3943	Other	0.0
15	3944	PC	0.0
15	3944	PH	0.0
15	3944	Other	0.99999994
15	3945	PC	5.73546e-08
15	3945	PH	5.73546e-08
15	3945	Other	0.9999999
15	3946	PC	4.5883677e-08
15	3946	PH	4.5883677e-08
15	3946	Other	0.99999994
15	3947	PC	1.1470921e-08
15	3947	PH	1.1470921e-08
15	3947	Other	1.0
15	3948	PC	3.4412757e-08
15	3948	PH	3.4412757e-08
15	3948	Other	1.0
15	3949	PC	0.0
15	3949	PH	0.0
15	3949	Other	0.99999994
15	3950	PC	0.0
15	3950	PH	0.0
15	3950	Other	1.0
15	3951	PC	8.029643e-08
15	3951	PH	8.029643e-08
15	3951	Other	0.9999999
15	3952	PC	3.4412754e-08
15	3952	PH	3.4412754e-08
15	3952	Other	0.9999999
15	3953	PC	0.0
15	3953	PH	0.9999999
15	3953	Other	1.03238314e-07
15	3954	PC	6.8825514e-08
15	3954	PH	6.8825514e-08
15	3954	Other	0.99999994
15	3955	PC	3.920846e-15
15	3955	PH	1.0
15	3955	Other	7e-45
15	3956	PC	2.2941835e-08
15	3956	PH	2.2941835e-08
15	3956	Other	0.9999999
15	3957	PC	4.5883674e-08
15	3957	PH	4.5883674e-08
15	3957	Other	1.0
15	3958	PC	1.03238264e-07
15	3958	PH	1.03238264e-07
15	3958	Other	0.9999999
15	3959	PC	2.2941837e-08
15	3959	PH	2.2941837e-08
15	3959	Other	1.0
15	3960	PC	6.8825514e-08
15	3960	PH	6.8825514e-08
15	3960	Other	0.99999994
15	3961	PC	2.294186e-08
15	3961	PH	2.294186e-08
15	3961	Other	0.9999999
15	3962	PC	4.5883677e-08
15	3962	PH	4.5883677e-08
15	3962	Other	0.99999994
15	3963	PC	5.7354594e-08
15	3963	PH	5.7354594e-08
15	3963	Other	0.9999999
15	3964	PC	3.4412757e-08
15	3964	PH	3.4412757e-08
15	3964	Other	1.0
15	3965	PC	0.0
15	3965	PH	0.0
15	3965	Other	0.99999994
15	3966	PC	9.176735e-08
15	3966	PH	9.176735e-08
15	3966	Other	0.9999999
15	3967	PC	1.03238264e-07
15	3967	PH	1.03238264e-07
15	3967	Other	0.9999999
15	3968	PC	4.5883677e-08
15	3968	PH	4.5883677e-08
15	3968	Other	0.9999999
15	3969	PC	2.2941837e-08
15	3969	PH	2.2941837e-08
15	3969	Other	1.0
15	3970	PC	1.1470921e-08
15	3970	PH	1.1470921e-08
15	3970	Other	1.0
15	3971	PC	1.1470919e-08
15	3971	PH	1.1470919e-08
15	3971	Other	0.99999994
15	3972	PC	1.0323827e-07
15	3972	PH	1.0323827e-07
15	3972	Other	0.9999999
15	3973	PC	8.029643e-08
15	3973	PH	8.029643e-08
15	3973	Other	0.9999999
15	3974	PC	4.5883677e-08
15	3974	PH	4.5883677e-08
15	3974	Other	1.0
15	3975	PC	1.1842379e-15
15	3975	PH	1.1842379e-15
15	3975	Other	0.99999994
15	3976	PC	1.1470919e-08
15	3976	PH	1.1470919e-08
15	3976	Other	0.99999994
15	3977	PC	2.477171e-08
15	3977	PH	0.99999994
15	3977	Other	1.9817396e-08
15	3978	PC	1.0323827e-07
15	3978	PH	1.0323827e-07
15	3978	Other	0.9999999
15	3979	PC	0.0
15	3979	PH	1.0
15	3979	Other	7e-45
15	3980	PC	1.03238264e-07
15	3980	PH	1.03238264e-07
15	3980	Other	0.9999999
15	3981	PC	0.0
15	3981	PH	1.0
15	3981	Other	0.0
15	3982	PC	6.8825514e-08
15	3982	PH	6.8825514e-08
15	3982	Other	0.99999994
15	3983	PC	3.441278e-08
15	3983	PH	3.441278e-08
15	3983	Other	0.9999999
15	3984	PC	2.2941846e-08
15	3984	PH	2.2941846e-08
15	3984	Other	0.9999999
15	3985	PC	8.029644e-08
15	3985	PH	8.029644e-08
15	3985	Other	0.9999999
15	3986	PC	0.0028216632
15	3986	PH	0.007967546
15	3986	Other	0.9892107
15	3987	PC	0.0
15	3987	PH	0.032602962
15	3987	Other	0.9673971
15	3988	PC	0.0
15	3988	PH	0.021813415
15	3988	Other	0.97818655
15	3989	PC	0.0008642423
15	3989	PH	0.0043246355
15	3989	Other	0.9948112
15	3990	PC	0.0
15	3990	PH	0.00798765
15	3990	Other	0.9920124
15	3991	PC	0.0
15	3991	PH	0.006737179
15	3991	Other	0.9932628
15	3992	PC	0.0
15	3992	PH	0.0073417546
15	3992	Other	0.9926583
15	3993	PC	0.0
15	3993	PH	0.0070547666
15	3993	Other	0.9929453
15	3994	PC	0.0
15	3994	PH	0.00718746
15	3994	Other	0.9928125
15	3995	PC	0.0
15	3995	PH	0.0071249763
15	3995	Other	0.992875
15	3996	PC	0.0
15	3996	PH	0.0071531045
15	3996	Other	0.9928468
15	3997	PC	0.0
15	3997	PH	0.0071400297
15	3997	Other	0.99285996
15	3998	PC	0.0
15	3998	PH	0.007145876
15	3998	Other	0.99285424
15	3999	PC	0.0
15	3999	PH	0.007143224
15	3999	Other	0.99285686
15	4000	PC	0.0
15	4000	PH	0.007144279
15	4000	Other	0.9928557
15	4001	PC	0.0
15	4001	PH	0.0071438397
15	4001	Other	0.99285626
15	4002	PC	0.0
15	4002	PH	0.0071438937
15	4002	Other	0.9928561
15	4003	PC	0.0
15	4003	PH	0.0071439245
15	4003	Other	0.9928561
15	4004	PC	0.0
15	4004	PH	0.007143731
15	4004	Other	0.99285626
15	4005	PC	0.0
15	4005	PH	0.0071443412
15	4005	Other	0.99285567
15	4006	PC	0.0
15	4006	PH	0.0071429713
15	4006	Other	0.9928568
15	4007	PC	0.0
15	4007	PH	0.007146172
15	4007	Other	0.99285376
15	4008	PC	0.0
15	4008	PH	0.007141404
15	4008	Other	0.9928584
15	4009	PC	0.0
15	4009	PH	0.0071548335
15	4009	Other	0.9928452
15	4010	PC	0.0
15	4010	PH	0.007138437
15	4010	Other	0.99286157
15	4011	PC	0.0
15	4011	PH	0.0071968823
15	4011	Other	0.9928031
15	4012	PC	0.0
15	4012	PH	0.007150071
15	4012	Other	0.99284995
15	4013	PC	0.0
15	4013	PH	0.007402709
15	4013	Other	0.99259734
15	4014	PC	0.0
15	4014	PH	0.007373777
15	4014	Other	0.9926263
15	4015	PC	0.0
15	4015	PH	0.008714585
15	4015	Other	0.99128544
15	4016	PC	0.0
15	4016	PH	0.0052409843
15	4016	Other	0.99475896
15	4017	PC	4.5883677e-08
15	4017	PH	4.5883677e-08
15	4017	Other	0.9999999
15	4018	PC	5.73546e-08
15	4018	PH	5.73546e-08
15	4018	Other	0.9999999
15	4019	PC	4.5883677e-08
15	4019	PH	4.5883677e-08
15	4019	Other	0.99999994
15	4020	PC	8.029643e-08
15	4020	PH	8.029643e-08
15	4020	Other	0.99999994
15	4021	PC	4.5883677e-08
15	4021	PH	4.5883677e-08
15	4021	Other	0.99999994
15	4022	PC	9.176735e-08
15	4022	PH	9.176735e-08
15	4022	Other	0.9999999
15	4023	PC	6.8825514e-08
15	4023	PH	6.8825514e-08
15	4023	Other	0.99999994
15	4024	PC	0.0
15	4024	PH	0.0
15	4024	Other	0.99999994
15	4025	PC	4.5883677e-08
15	4025	PH	4.5883677e-08
15	4025	Other	0.99999994
15	4026	PC	0.0
15	4026	PH	0.0
15	4026	Other	1.0
15	4027	PC	3.4412764e-08
15	4027	PH	3.4412764e-08
15	4027	Other	0.9999999
15	4028	PC	5.7354594e-08
15	4028	PH	5.7354594e-08
15	4028	Other	0.9999999
15	4029	PC	3.4412764e-08
15	4029	PH	3.4412764e-08
15	4029	Other	0.9999999
15	4030	PC	0.0
15	4030	PH	0.0
15	4030	Other	1.0
15	4031	PC	8.029643e-08
15	4031	PH	8.029643e-08
15	4031	Other	0.99999994
15	4032	PC	3.4412757e-08
15	4032	PH	3.4412757e-08
15	4032	Other	0.99999994
15	4033	PC	1.03238264e-07
15	4033	PH	1.03238264e-07
15	4033	Other	0.9999999
15	4034	PC	6.882552e-08
15	4034	PH	6.882552e-08
15	4034	Other	0.9999999
15	4035	PC	1.1842379e-15
15	4035	PH	1.1842379e-15
15	4035	Other	1.0
15	4036	PC	2.2941837e-08
15	4036	PH	2.2941837e-08
15	4036	Other	1.0
15	4037	PC	8.029644e-08
15	4037	PH	8.029644e-08
15	4037	Other	0.9999999
15	4038	PC	4.5883677e-08
15	4038	PH	4.5883677e-08
15	4038	Other	1.0
15	4039	PC	0.0
15	4039	PH	0.0
15	4039	Other	0.99999994
15	4040	PC	2.294184e-08
15	4040	PH	2.294184e-08
15	4040	Other	0.99999994
15	4041	PC	1.03238264e-07
15	4041	PH	1.03238264e-07
15	4041	Other	0.9999999
15	4042	PC	1.1842379e-15
15	4042	PH	1.1842379e-15
15	4042	Other	0.99999994
15	4043	PC	8.029644e-08
15	4043	PH	8.029644e-08
15	4043	Other	0.9999999
15	4044	PC	3.4412754e-08
15	4044	PH	3.4412754e-08
15	4044	Other	1.0
15	4045	PC	4.58837e-08
15	4045	PH	4.58837e-08
15	4045	Other	0.9999999
15	4046	PC	3.4412764e-08
15	4046	PH	3.4412764e-08
15	4046	Other	0.9999999
15	4047	PC	1.3420141e-08
15	4047	PH	1.0
15	4047	Other	7e-45
15	4048	PC	2.2941837e-08
15	4048	PH	2.2941837e-08
15	4048	Other	1.0
16	4049	PC	6.421804e-08
16	4049	PH	0.0
16	4049	Other	0.9999999
16	4050	PC	4.5883677e-08
16	4050	PH	4.5883677e-08
16	4050	Other	0.99999994
16	4051	PC	3.4412757e-08
16	4051	PH	3.4412757e-08
16	4051	Other	1.0
16	4052	PC	3.4412754e-08
16	4052	PH	3.4412754e-08
16	4052	Other	0.9999999
16	4053	PC	8.029643e-08
16	4053	PH	8.029643e-08
16	4053	Other	0.99999994
16	4054	PC	1.032383e-07
16	4054	PH	1.032383e-07
16	4054	Other	0.9999999
16	4055	PC	0.0
16	4055	PH	0.0
16	4055	Other	1.0
16	4056	PC	6.8825514e-08
16	4056	PH	6.8825514e-08
16	4056	Other	0.9999999
16	4057	PC	2.294184e-08
16	4057	PH	2.294184e-08
16	4057	Other	0.99999994
16	4058	PC	8.029643e-08
16	4058	PH	8.029643e-08
16	4058	Other	0.99999994
16	4059	PC	9.176735e-08
16	4059	PH	9.176735e-08
16	4059	Other	0.9999999
16	4060	PC	8.0296466e-08
16	4060	PH	8.0296466e-08
16	4060	Other	0.9999999
16	4061	PC	0.0
16	4061	PH	0.0
16	4061	Other	1.0
16	4062	PC	0.0
16	4062	PH	0.0
16	4062	Other	0.99999994
16	4063	PC	0.0
16	4063	PH	0.0
16	4063	Other	1.0
16	4064	PC	3.4412764e-08
16	4064	PH	3.4412764e-08
16	4064	Other	0.9999999
16	4065	PC	0.0016092586
16	4065	PH	0.01328193
16	4065	Other	0.98510885
16	4066	PC	0.0
16	4066	PH	0.016162982
16	4066	Other	0.983837
16	4067	PC	0.0
16	4067	PH	0.0012718191
16	4067	Other	0.99872816
16	4068	PC	6.8825514e-08
16	4068	PH	6.8825514e-08
16	4068	Other	0.99999994
16	4069	PC	1.0323827e-07
16	4069	PH	1.0323827e-07
16	4069	Other	0.9999999
16	4070	PC	2.2941835e-08
16	4070	PH	2.2941835e-08
16	4070	Other	0.9999999
16	4071	PC	8.029643e-08
16	4071	PH	8.029643e-08
16	4071	Other	0.99999994
16	4072	PC	5.7354594e-08
16	4072	PH	5.7354594e-08
16	4072	Other	0.9999999
16	4073	PC	2.2941837e-08
16	4073	PH	2.2941837e-08
16	4073	Other	1.0
16	4074	PC	4.5883674e-08
16	4074	PH	4.5883674e-08
16	4074	Other	0.99999994
16	4075	PC	8.029644e-08
16	4075	PH	8.029644e-08
16	4075	Other	0.9999999
16	4076	PC	0.0
16	4076	PH	0.0
16	4076	Other	0.99999994
16	4077	PC	0.0
16	4077	PH	0.0
16	4077	Other	1.0
16	4078	PC	8.029643e-08
16	4078	PH	8.029643e-08
16	4078	Other	0.9999999
16	4079	PC	2.2941839e-08
16	4079	PH	2.2941839e-08
16	4079	Other	0.99999994
16	4080	PC	9.176735e-08
16	4080	PH	9.176735e-08
16	4080	Other	0.9999999
16	4081	PC	6.8825514e-08
16	4081	PH	6.8825514e-08
16	4081	Other	0.99999994
16	4082	PC	3.4412754e-08
16	4082	PH	3.4412754e-08
16	4082	Other	0.9999999
16	4083	PC	8.029644e-08
16	4083	PH	8.029644e-08
16	4083	Other	0.9999999
16	4084	PC	4.5883677e-08
16	4084	PH	4.5883677e-08
16	4084	Other	1.0
16	4085	PC	4.5883674e-08
16	4085	PH	4.5883674e-08
16	4085	Other	0.99999994
16	4086	PC	3.4412754e-08
16	4086	PH	3.4412754e-08
16	4086	Other	1.0
16	4087	PC	8.029644e-08
16	4087	PH	8.029644e-08
16	4087	Other	0.9999999
16	4088	PC	1.03238264e-07
16	4088	PH	1.03238264e-07
16	4088	Other	0.9999999
16	4089	PC	4.5883674e-08
16	4089	PH	4.5883674e-08
16	4089	Other	0.99999994
16	4090	PC	1.1842379e-15
16	4090	PH	1.1842379e-15
16	4090	Other	0.99999994
16	4091	PC	3.4412754e-08
16	4091	PH	3.4412754e-08
16	4091	Other	0.9999999
16	4092	PC	5.7354594e-08
16	4092	PH	5.7354594e-08
16	4092	Other	0.9999999
16	4093	PC	1.0323827e-07
16	4093	PH	1.0323827e-07
16	4093	Other	0.9999999
16	4094	PC	1.147092e-08
16	4094	PH	1.147092e-08
16	4094	Other	0.99999994
16	4095	PC	5.7354594e-08
16	4095	PH	5.7354594e-08
16	4095	Other	0.9999999
16	4096	PC	8.029644e-08
16	4096	PH	8.029644e-08
16	4096	Other	0.9999999
16	4097	PC	1.0323827e-07
16	4097	PH	1.0323827e-07
16	4097	Other	0.9999999
16	4098	PC	2.294184e-08
16	4098	PH	2.294184e-08
16	4098	Other	0.99999994
16	4099	PC	5.73546e-08
16	4099	PH	5.73546e-08
16	4099	Other	0.9999999
16	4100	PC	3.4412754e-08
16	4100	PH	3.4412754e-08
16	4100	Other	0.9999999
16	4101	PC	5.73546e-08
16	4101	PH	5.73546e-08
16	4101	Other	0.9999999
16	4102	PC	5.7354594e-08
16	4102	PH	5.7354594e-08
16	4102	Other	0.9999999
16	4103	PC	5.7354594e-08
16	4103	PH	5.7354594e-08
16	4103	Other	0.9999999
16	4104	PC	8.029643e-08
16	4104	PH	8.029643e-08
16	4104	Other	0.9999999
16	4105	PC	8.029644e-08
16	4105	PH	8.029644e-08
16	4105	Other	0.9999999
16	4106	PC	5.73546e-08
16	4106	PH	5.73546e-08
16	4106	Other	0.9999999
16	4107	PC	0.0
16	4107	PH	0.0
16	4107	Other	0.99999994
16	4108	PC	0.0
16	4108	PH	0.0
16	4108	Other	0.99999994
16	4109	PC	1.1842379e-15
16	4109	PH	1.1842379e-15
16	4109	Other	1.0
16	4110	PC	0.0
16	4110	PH	0.0
16	4110	Other	0.99999994
16	4111	PC	1.147092e-08
16	4111	PH	1.147092e-08
16	4111	Other	0.99999994
16	4112	PC	8.029643e-08
16	4112	PH	8.029643e-08
16	4112	Other	0.9999999
16	4113	PC	0.0
16	4113	PH	0.0
16	4113	Other	1.0
16	4114	PC	5.7354594e-08
16	4114	PH	5.7354594e-08
16	4114	Other	0.9999999
16	4115	PC	6.8825514e-08
16	4115	PH	6.8825514e-08
16	4115	Other	0.99999994
16	4116	PC	3.441276e-08
16	4116	PH	3.441276e-08
16	4116	Other	0.99999994
16	4117	PC	3.441278e-08
16	4117	PH	3.441278e-08
16	4117	Other	0.9999999
16	4118	PC	3.4412757e-08
16	4118	PH	3.4412757e-08
16	4118	Other	1.0
16	4119	PC	5.7354594e-08
16	4119	PH	5.7354594e-08
16	4119	Other	0.9999999
16	4120	PC	1.03238264e-07
16	4120	PH	1.03238264e-07
16	4120	Other	0.9999999
16	4121	PC	8.029644e-08
16	4121	PH	8.029644e-08
16	4121	Other	0.9999999
16	4122	PC	8.029643e-08
16	4122	PH	8.029643e-08
16	4122	Other	0.9999999
16	4123	PC	2.2941837e-08
16	4123	PH	2.2941837e-08
16	4123	Other	1.0
